   0.00   0.00   0.00000
   0.00   0.01   0.00002
   0.00   0.02   0.00006
   0.00   0.03   0.00014
   0.00   0.04   0.00025
   0.00   0.05   0.00038
   0.00   0.06   0.00055
   0.00   0.07   0.00075
   0.00   0.08   0.00098
   0.01   0.00   0.00002
   0.01   0.01   0.00000
   0.01   0.02   0.00005
   0.01   0.03   0.00012
   0.01   0.04   0.00023
   0.01   0.05   0.00037
   0.01   0.06   0.00054
   0.01   0.07   0.00074
   0.01   0.08   0.00097
   0.02   0.00   0.00006
   0.02   0.01   0.00005
   0.02   0.02   0.00000
   0.02   0.03   0.00008
   0.02   0.04   0.00018
   0.02   0.05   0.00032
   0.02   0.06   0.00049
   0.02   0.07   0.00069
   0.02   0.08   0.00092
   0.03   0.00   0.00014
   0.03   0.01   0.00012
   0.03   0.02   0.00008
   0.03   0.03   0.00000
   0.03   0.04   0.00011
   0.03   0.05   0.00025
   0.03   0.06   0.00041
   0.03   0.07   0.00061
   0.03   0.08   0.00084
   0.04   0.00   0.00025
   0.04   0.01   0.00023
   0.04   0.02   0.00018
   0.04   0.03   0.00011
   0.04   0.04   0.00000
   0.04   0.05   0.00014
   0.04   0.06   0.00031
   0.04   0.07   0.00051
   0.04   0.08   0.00074
   0.04   0.09   0.00100
   0.05   0.00   0.00038
   0.05   0.01   0.00037
   0.05   0.02   0.00032
   0.05   0.03   0.00025
   0.05   0.04   0.00014
   0.05   0.05   0.00000
   0.05   0.06   0.00017
   0.05   0.07   0.00037
   0.05   0.08   0.00060
   0.05   0.09   0.00086
   0.06   0.00   0.00055
   0.06   0.01   0.00054
   0.06   0.02   0.00049
   0.06   0.03   0.00041
   0.06   0.04   0.00031
   0.06   0.05   0.00017
   0.06   0.06   0.00000
   0.06   0.07   0.00020
   0.06   0.08   0.00043
   0.06   0.09   0.00069
   0.06   0.10   0.00098
   0.07   0.00   0.00075
   0.07   0.01   0.00074
   0.07   0.02   0.00069
   0.07   0.03   0.00061
   0.07   0.04   0.00051
   0.07   0.05   0.00037
   0.07   0.06   0.00020
   0.07   0.07   0.00000
   0.07   0.08   0.00023
   0.07   0.09   0.00049
   0.07   0.10   0.00078
   0.08   0.00   0.00098
   0.08   0.01   0.00097
   0.08   0.02   0.00092
   0.08   0.03   0.00084
   0.08   0.04   0.00074
   0.08   0.05   0.00060
   0.08   0.06   0.00043
   0.08   0.07   0.00023
   0.08   0.08   0.00000
   0.08   0.09   0.00026
   0.08   0.10   0.00055
   0.08   0.11   0.00087
   0.09   0.04   0.00100
   0.09   0.05   0.00086
   0.09   0.06   0.00069
   0.09   0.07   0.00049
   0.09   0.08   0.00026
   0.09   0.09   0.00000
   0.09   0.10   0.00029
   0.09   0.11   0.00061
   0.09   0.12   0.00097
   0.10   0.06   0.00098
   0.10   0.07   0.00078
   0.10   0.08   0.00055
   0.10   0.09   0.00029
   0.10   0.10   0.00000
   0.10   0.11   0.00032
   0.10   0.12   0.00067
   0.11   0.08   0.00087
   0.11   0.09   0.00061
   0.11   0.10   0.00032
   0.11   0.11   0.00000
   0.11   0.12   0.00035
   0.11   0.13   0.00073
   0.12   0.09   0.00097
   0.12   0.10   0.00067
   0.12   0.11   0.00035
   0.12   0.12   0.00000
   0.12   0.13   0.00038
   0.12   0.14   0.00080
   0.12   4.29   0.00073
   0.13   0.11   0.00073
   0.13   0.12   0.00038
   0.13   0.13   0.00000
   0.13   0.14   0.00041
   0.13   0.15   0.00086
   0.13   4.29   0.00038
   0.14   0.12   0.00080
   0.14   0.13   0.00041
   0.14   0.14   0.00000
   0.14   0.15   0.00044
   0.14   0.16   0.00092
   0.14   4.29   0.00001
   0.15   0.13   0.00086
   0.15   0.14   0.00044
   0.15   0.15   0.00000
   0.15   0.16   0.00047
   0.15   0.17   0.00098
   0.15   4.29   0.00040
   0.16   0.14   0.00092
   0.16   0.15   0.00047
   0.16   0.16   0.00000
   0.16   0.17   0.00050
   0.16   4.29   0.00082
   0.17   0.15   0.00098
   0.17   0.16   0.00050
   0.17   0.17   0.00000
   0.17   0.18   0.00053
   0.18   0.17   0.00053
   0.18   0.18   0.00000
   0.18   0.19   0.00056
   0.19   0.18   0.00056
   0.19   0.19   0.00000
   0.19   0.20   0.00059
   0.20   0.19   0.00059
   0.20   0.20   0.00000
   0.20   0.21   0.00062
   0.21   0.20   0.00062
   0.21   0.21   0.00000
   0.21   0.22   0.00065
   0.22   0.21   0.00065
   0.22   0.22   0.00000
   0.22   0.23   0.00068
   0.23   0.22   0.00068
   0.23   0.23   0.00000
   0.23   0.24   0.00071
   0.24   0.23   0.00071
   0.24   0.24   0.00000
   0.24   0.25   0.00074
   0.25   0.24   0.00074
   0.25   0.25   0.00000
   0.25   0.26   0.00077
   0.25   4.30   0.00037
   0.26   0.25   0.00077
   0.26   0.26   0.00000
   0.26   0.27   0.00080
   0.26   4.30   0.00034
   0.27   0.26   0.00080
   0.27   0.27   0.00000
   0.27   0.28   0.00083
   0.28   0.27   0.00083
   0.28   0.28   0.00000
   0.28   0.29   0.00086
   0.29   0.28   0.00086
   0.29   0.29   0.00000
   0.29   0.30   0.00089
   0.30   0.29   0.00089
   0.30   0.30   0.00000
   0.30   0.31   0.00092
   0.30  12.86   0.00092
   0.31   0.30   0.00092
   0.31   0.31   0.00000
   0.31   0.32   0.00095
   0.31   8.58   0.00046
   0.31  12.86   0.00071
   0.32   0.31   0.00095
   0.32   0.32   0.00000
   0.32   0.33   0.00098
   0.32   8.58   0.00015
   0.32  12.86   0.00049
   0.33   0.32   0.00098
   0.33   0.33   0.00000
   0.33   4.31   0.00017
   0.33   8.58   0.00078
   0.33  12.86   0.00027
   0.34   0.34   0.00000
   0.34   4.31   0.00076
   0.34  12.86   0.00004
   0.35   0.35   0.00000
   0.35  12.86   0.00020
   0.36   0.36   0.00000
   0.36  12.86   0.00044
   0.37   0.37   0.00000
   0.37  12.86   0.00070
   0.38   0.38   0.00000
   0.38  12.86   0.00095
   0.39   0.39   0.00000
   0.39   4.32   0.00035
   0.40   0.40   0.00000
   0.40   4.32   0.00075
   0.41   0.41   0.00000
   0.42   0.42   0.00000
   0.43   0.43   0.00000
   0.44   0.44   0.00000
   0.44   4.33   0.00070
   0.45   0.45   0.00000
   0.45   4.33   0.00055
   0.46   0.46   0.00000
   0.46   8.59   0.00027
   0.47   0.47   0.00000
   0.47   8.59   0.00063
   0.48   0.48   0.00000
   0.49   0.49   0.00000
   0.49   4.34   0.00028
   0.50   0.50   0.00000
   0.51   0.51   0.00000
   0.52   0.52   0.00000
   0.53   0.53   0.00000
   0.53   4.35   0.00060
   0.54   0.54   0.00000
   0.54   4.35   0.00092
   0.55   0.55   0.00000
   0.56   0.56   0.00000
   0.56   8.60   0.00099
   0.57   0.57   0.00000
   0.57   4.36   0.00039
   0.57   8.60   0.00013
   0.58   0.58   0.00000
   0.59   0.59   0.00000
   0.60   0.60   0.00000
   0.61   0.61   0.00000
   0.61   4.37   0.00034
   0.62   0.62   0.00000
   0.63   0.63   0.00000
   0.64   0.64   0.00000
   0.64   4.38   0.00025
   0.65   0.65   0.00000
   0.65   8.61   0.00062
   0.66   0.66   0.00000
   0.66   8.61   0.00068
   0.67   0.67   0.00000
   0.67   4.39   0.00052
   0.68   0.68   0.00000
   0.69   0.69   0.00000
   0.69  12.87   0.00055
   0.70   0.70   0.00000
   0.70   4.40   0.00047
   0.70  12.87   0.00005
   0.71   0.71   0.00000
   0.71  12.87   0.00045
   0.72   0.72   0.00000
   0.72  12.87   0.00096
   0.73   0.73   0.00000
   0.73   4.41   0.00010
   0.73   8.62   0.00030
   0.74   0.74   0.00000
   0.75   0.75   0.00000
   0.76   0.76   0.00000
   0.76   4.42   0.00061
   0.77   0.77   0.00000
   0.78   0.78   0.00000
   0.78   4.43   0.00065
   0.79   0.79   0.00000
   0.79   8.63   0.00034
   0.80   0.80   0.00000
   0.81   0.81   0.00000
   0.81   4.44   0.00061
   0.82   0.82   0.00000
   0.83   0.83   0.00000
   0.83   4.45   0.00024
   0.84   0.84   0.00000
   0.85   0.85   0.00000
   0.85   4.46   0.00092
   0.85   8.64   0.00012
   0.86   0.86   0.00000
   0.87   0.87   0.00000
   0.88   0.88   0.00000
   0.89   0.89   0.00000
   0.89  12.88   0.00097
   0.90   0.90   0.00000
   0.90   4.48   0.00089
   0.90   8.65   0.00020
   0.90  12.88   0.00030
   0.91   0.91   0.00000
   0.91  12.88   0.00037
   0.92   0.92   0.00000
   0.92   4.49   0.00080
   0.93   0.93   0.00000
   0.94   0.94   0.00000
   0.94   4.50   0.00088
   0.95   0.95   0.00000
   0.95   8.66   0.00034
   0.96   0.96   0.00000
   0.97   0.97   0.00000
   0.98   0.98   0.00000
   0.99   0.99   0.00000
   0.99   4.53   0.00083
   0.99   8.67   0.00036
   1.00   1.00   0.00000
   1.01   1.01   0.00000
   1.01   4.54   0.00010
   1.02   1.02   0.00000
   1.03   1.03   0.00000
   1.03   4.55   0.00080
   1.03   8.68   0.00042
   1.04   1.04   0.00000
   1.04  12.89   0.00088
   1.05   1.05   0.00000
   1.05  12.89   0.00007
   1.06   1.06   0.00000
   1.06   4.57   0.00012
   1.06  12.89   0.00075
   1.07   1.07   0.00000
   1.07   8.69   0.00017
   1.08   1.08   0.00000
   1.09   1.09   0.00000
   1.09   4.59   0.00056
   1.10   1.10   0.00000
   1.11   1.11   0.00000
   1.12   1.12   0.00000
   1.12   4.61   0.00054
   1.13   1.13   0.00000
   1.14   1.14   0.00000
   1.14   8.71   0.00079
   1.15   1.15   0.00000
   1.15   4.63   0.00003
   1.16   1.16   0.00000
   1.16  12.90   0.00043
   1.17   1.17   0.00000
   1.17   8.72   0.00062
   1.17  12.90   0.00051
   1.18   1.18   0.00000
   1.18   4.65   0.00097
   1.19   1.19   0.00000
   1.19   4.66   0.00024
   1.20   1.20   0.00000
   1.20   8.73   0.00092
   1.21   1.21   0.00000
   1.22   1.22   0.00000
   1.23   1.23   0.00000
   1.23   4.69   0.00047
   1.24   1.24   0.00000
   1.24   4.70   0.00042
   1.25   1.25   0.00000
   1.25   8.75   0.00001
   1.25  12.91   0.00070
   1.26   1.26   0.00000
   1.26  12.91   0.00035
   1.27   1.27   0.00000
   1.28   1.28   0.00000
   1.29   1.29   0.00000
   1.29   4.74   0.00095
   1.30   1.30   0.00000
   1.30   4.75   0.00046
   1.30   8.77   0.00061
   1.31   1.31   0.00000
   1.31   4.76   0.00005
   1.32   1.32   0.00000
   1.32   4.77   0.00029
   1.32   8.78   0.00011
   1.33   1.33   0.00000
   1.33   4.78   0.00056
   1.33  12.92   0.00037
   1.34   1.34   0.00000
   1.34   4.79   0.00076
   1.34   8.79   0.00053
   1.34  12.92   0.00079
   1.35   1.35   0.00000
   1.35   4.80   0.00088
   1.36   1.36   0.00000
   1.36   4.81   0.00094
   1.36   8.80   0.00064
   1.37   1.37   0.00000
   1.37   4.82   0.00091
   1.38   1.38   0.00000
   1.38   4.83   0.00082
   1.38   8.81   0.00046
   1.39   1.39   0.00000
   1.39   4.84   0.00065
   1.40   1.40   0.00000
   1.40   4.85   0.00041
   1.40   8.82   0.00002
   1.40  12.93   0.00025
   1.41   1.41   0.00000
   1.41   4.86   0.00009
   1.42   1.42   0.00000
   1.42   4.87   0.00030
   1.42   8.83   0.00080
   1.43   1.43   0.00000
   1.43   4.88   0.00076
   1.44   1.44   0.00000
   1.45   1.45   0.00000
   1.45   8.85   0.00050
   1.45  12.94   0.00052
   1.46   1.46   0.00000
   1.46  12.94   0.00085
   1.47   1.47   0.00000
   1.47   4.93   0.00095
   1.48   1.48   0.00000
   1.48   4.94   0.00008
   1.48   8.87   0.00092
   1.49   1.49   0.00000
   1.49   4.95   0.00085
   1.50   1.50   0.00000
   1.50  12.95   0.00034
   1.51   1.51   0.00000
   1.51   8.89   0.00045
   1.52   1.52   0.00000
   1.52   4.99   0.00007
   1.53   1.53   0.00000
   1.54   1.54   0.00000
   1.54   8.91   0.00092
   1.54  12.96   0.00077
   1.55   1.55   0.00000
   1.55   5.03   0.00015
   1.55   8.92   0.00024
   1.55  12.96   0.00081
   1.56   1.56   0.00000
   1.57   1.57   0.00000
   1.58   1.58   0.00000
   1.58   5.07   0.00060
   1.58  12.97   0.00044
   1.59   1.59   0.00000
   1.60   1.60   0.00000
   1.60   5.10   0.00024
   1.61   1.61   0.00000
   1.61   8.97   0.00090
   1.62   1.62   0.00000
   1.62   5.13   0.00030
   1.62   8.98   0.00070
   1.62  12.98   0.00067
   1.63   1.63   0.00000
   1.63   8.99   0.00064
   1.64   1.64   0.00000
   1.64   5.16   0.00076
   1.64   9.00   0.00073
   1.65   1.65   0.00000
   1.65   5.18   0.00078
   1.65   9.01   0.00096
   1.65  12.99   0.00067
   1.66   1.66   0.00000
   1.67   1.67   0.00000
   1.67   5.21   0.00032
   1.67  13.00   0.00073
   1.68   1.68   0.00000
   1.68   5.23   0.00085
   1.69   1.69   0.00000
   1.70   1.70   0.00000
   1.70   5.26   0.00089
   1.70   9.07   0.00008
   1.70  13.01   0.00033
   1.71   1.71   0.00000
   1.71   5.28   0.00007
   1.72   1.72   0.00000
   1.72   5.30   0.00061
   1.72  13.02   0.00020
   1.73   1.73   0.00000
   1.73   9.11   0.00030
   1.74   1.74   0.00000
   1.74  13.03   0.00035
   1.75   1.75   0.00000
   1.75   9.14   0.00083
   1.76   1.76   0.00000
   1.76  13.04   0.00011
   1.77   1.77   0.00000
   1.77   9.17   0.00050
   1.78   1.78   0.00000
   1.78  13.05   0.00052
   1.79   1.79   0.00000
   1.79   9.20   0.00068
   1.80   1.80   0.00000
   1.80   9.22   0.00026
   1.81   1.81   0.00000
   1.81   9.24   0.00093
   1.81  13.07   0.00027
   1.82   1.82   0.00000
   1.82   5.50   0.00049
   1.82  13.08   0.00079
   1.83   1.83   0.00000
   1.83   5.52   0.00020
   1.84   1.84   0.00000
   1.85   1.85   0.00000
   1.85   9.32   0.00077
   1.85  13.10   0.00061
   1.86   1.86   0.00000
   1.86   5.59   0.00024
   1.86   9.34   0.00003
   1.86  13.11   0.00022
   1.87   1.87   0.00000
   1.87   5.61   0.00096
   1.87   9.36   0.00099
   1.87  13.12   0.00003
   1.88   1.88   0.00000
   1.88   5.64   0.00092
   1.88   9.39   0.00089
   1.88  13.13   0.00003
   1.89   1.89   0.00000
   1.89   5.66   0.00054
   1.89   9.41   0.00075
   1.89  13.14   0.00022
   1.90   1.90   0.00000
   1.90   9.44   0.00038
   1.90  13.15   0.00061
   1.91   1.91   0.00000
   1.91   5.71   0.00067
   1.92   1.92   0.00000
   1.92   5.74   0.00060
   1.92  13.18   0.00080
   1.93   1.93   0.00000
   1.93  13.19   0.00027
   1.94   1.94   0.00000
   1.94   5.79   0.00037
   1.94   9.56   0.00084
   1.95   1.95   0.00000
   1.95   5.82   0.00045
   1.95   9.59   0.00004
   1.95  13.22   0.00052
   1.96   1.96   0.00000
   1.96  13.24   0.00011
   1.97   1.97   0.00000
   1.97   9.66   0.00039
   1.97  13.26   0.00035
   1.98   1.98   0.00000
   1.98   5.90   0.00089
   1.98   9.70   0.00001
   1.98  13.28   0.00020
   1.99   1.99   0.00000
   1.99   5.93   0.00062
   1.99   9.74   0.00009
   1.99  13.30   0.00033
   2.00   2.00   0.00000
   2.00   5.96   0.00049
   2.00   9.78   0.00068
   2.00  13.33   0.00073
   2.01   2.01   0.00000
   2.01   5.99   0.00049
   2.01   9.83   0.00052
   2.01  13.35   0.00067
   2.02   2.02   0.00000
   2.02   6.02   0.00062
   2.02  13.38   0.00066
   2.03   2.03   0.00000
   2.03   6.05   0.00087
   2.03  13.42   0.00044
   2.04   2.04   0.00000
   2.04   9.98   0.00057
   2.04  13.45   0.00080
   2.04  13.46   0.00078
   2.05   2.05   0.00000
   2.05  10.03   0.00053
   2.05  13.50   0.00035
   2.06   2.06   0.00000
   2.06   6.15   0.00043
   2.06  10.09   0.00022
   2.06  13.54   0.00085
   2.06  13.55   0.00053
   2.07   2.07   0.00000
   2.07   6.18   0.00027
   2.07  10.15   0.00055
   2.07  13.60   0.00024
   2.08   2.08   0.00000
   2.08  10.22   0.00034
   2.08  13.66   0.00079
   2.08  13.67   0.00038
   2.09   2.09   0.00000
   2.09   6.25   0.00071
   2.09  10.29   0.00054
   2.09  13.74   0.00034
   2.09  13.75   0.00071
   2.10   2.10   0.00000
   2.10   6.28   0.00026
   2.10  10.36   0.00010
   2.10  13.83   0.00050
   2.10  13.84   0.00044
   2.11   2.11   0.00000
   2.11  10.43   0.00094
   2.11  10.44   0.00068
   2.11  13.94   0.00073
   2.11  13.95   0.00008
   2.11  13.96   0.00089
   2.12   2.12   0.00000
   2.12   6.35   0.00019
   2.12  10.51   0.00095
   2.12  10.52   0.00060
   2.12  14.09   0.00036
   2.12  14.10   0.00032
   2.12  14.11   0.00098
   2.13   2.13   0.00000
   2.13   6.38   0.00098
   2.13  10.60   0.00005
   2.13  14.28   0.00095
   2.13  14.29   0.00044
   2.13  14.30   0.00007
   2.13  14.31   0.00057
   2.14   2.14   0.00000
   2.14   6.42   0.00036
   2.14  10.69   0.00022
   2.14  14.62   0.00094
   2.14  14.63   0.00068
   2.14  14.64   0.00043
   2.14  14.65   0.00018
   2.14  14.66   0.00006
   2.14  14.67   0.00029
   2.14  14.68   0.00051
   2.14  14.69   0.00073
   2.14  14.70   0.00094
   2.15   2.15   0.00000
   2.15   6.45   0.00091
   2.15  10.78   0.00002
   2.16   2.16   0.00000
   2.16   6.49   0.00033
   2.16  10.87   0.00068
   2.16  10.88   0.00065
   2.17   2.17   0.00000
   2.17   6.52   0.00100
   2.17  10.97   0.00036
   2.17  10.98   0.00092
   2.18   2.18   0.00000
   2.18   6.56   0.00017
   2.18  11.07   0.00030
   2.18  11.08   0.00094
   2.19   2.19   0.00000
   2.19  11.17   0.00036
   2.19  11.18   0.00084
   2.20   2.20   0.00000
   2.20   6.63   0.00001
   2.20  11.27   0.00039
   2.20  11.28   0.00079
   2.21   2.21   0.00000
   2.21  11.37   0.00025
   2.21  11.38   0.00091
   2.22   2.22   0.00000
   2.22   6.70   0.00014
   2.22  11.46   0.00095
   2.22  11.47   0.00021
   2.23   2.23   0.00000
   2.23  11.56   0.00001
   2.24   2.24   0.00000
   2.24   6.77   0.00013
   2.24  11.64   0.00083
   2.24  11.65   0.00035
   2.25   2.25   0.00000
   2.25  11.72   0.00099
   2.25  11.73   0.00022
   2.26   2.26   0.00000
   2.26   6.84   0.00013
   2.26  11.80   0.00040
   2.26  11.81   0.00084
   2.27   2.27   0.00000
   2.27   6.87   0.00086
   2.27  11.87   0.00026
   2.28   2.28   0.00000
   2.28   6.91   0.00073
   2.28  11.93   0.00063
   2.28  11.94   0.00070
   2.29   2.29   0.00000
   2.29   6.94   0.00007
   2.29  11.99   0.00024
   2.30   2.30   0.00000
   2.30   6.97   0.00076
   2.30  12.04   0.00048
   2.30  12.05   0.00097
   2.31   2.31   0.00000
   2.31  12.09   0.00000
   2.32   2.32   0.00000
   2.32   7.04   0.00077
   2.32  12.13   0.00036
   2.33   2.33   0.00000
   2.33   7.07   0.00048
   2.33  12.17   0.00010
   2.34   2.34   0.00000
   2.34   7.10   0.00033
   2.34  12.20   0.00094
   2.34  12.21   0.00080
   2.35   2.35   0.00000
   2.35   7.13   0.00034
   2.35  12.24   0.00053
   2.36   2.36   0.00000
   2.36   7.16   0.00052
   2.36  12.27   0.00076
   2.37   2.37   0.00000
   2.37   7.19   0.00087
   2.37  12.29   0.00048
   2.38   2.38   0.00000
   2.38  12.32   0.00070
   2.39   2.39   0.00000
   2.39   7.24   0.00058
   2.39  12.34   0.00024
   2.40   2.40   0.00000
   2.40   7.27   0.00031
   2.40  12.36   0.00014
   2.41   2.41   0.00000
   2.41  12.38   0.00038
   2.42   2.42   0.00000
   2.42   7.32   0.00008
   2.42  12.40   0.00099
   2.43   2.43   0.00000
   2.43  12.41   0.00055
   2.44   2.44   0.00000
   2.44   7.37   0.00027
   2.44  12.43   0.00068
   2.45   2.45   0.00000
   2.45   7.39   0.00072
   2.45  12.44   0.00041
   2.46   2.46   0.00000
   2.47   2.47   0.00000
   2.47   7.44   0.00081
   2.47  12.47   0.00082
   2.48   2.48   0.00000
   2.48   7.46   0.00036
   2.48  12.48   0.00036
   2.49   2.49   0.00000
   2.49   7.48   0.00009
   2.49  12.49   0.00009
   2.50   2.50   0.00000
   2.50   7.50   0.00000
   2.50  12.50   0.00000
   2.51   2.51   0.00000
   2.51   7.52   0.00009
   2.51  12.51   0.00009
   2.52   2.52   0.00000
   2.52   7.54   0.00037
   2.52  12.52   0.00036
   2.53   2.53   0.00000
   2.53   7.56   0.00083
   2.53  12.53   0.00082
   2.54   2.54   0.00000
   2.55   2.55   0.00000
   2.56   2.56   0.00000
   2.56   7.61   0.00004
   2.56  12.55   0.00041
   2.57   2.57   0.00000
   2.57  12.56   0.00068
   2.58   2.58   0.00000
   2.58   7.64   0.00098
   2.59   2.59   0.00000
   2.59   7.66   0.00057
   2.59  12.57   0.00056
   2.60   2.60   0.00000
   2.60  12.58   0.00099
   2.61   2.61   0.00000
   2.61   7.69   0.00060
   2.62   2.62   0.00000
   2.62  12.59   0.00038
   2.63   2.63   0.00000
   2.64   2.64   0.00000
   2.64   7.73   0.00012
   2.64  12.60   0.00013
   2.65   2.65   0.00000
   2.66   2.66   0.00000
   2.66  12.61   0.00024
   2.67   2.67   0.00000
   2.67   7.77   0.00042
   2.68   2.68   0.00000
   2.68   7.78   0.00048
   2.68  12.62   0.00070
   2.69   2.69   0.00000
   2.70   2.70   0.00000
   2.71   2.71   0.00000
   2.71  12.63   0.00048
   2.72   2.72   0.00000
   2.73   2.73   0.00000
   2.73   7.84   0.00099
   2.73  12.64   0.00076
   2.74   2.74   0.00000
   2.74   7.85   0.00079
   2.75   2.75   0.00000
   2.75   7.86   0.00069
   2.76   2.76   0.00000
   2.76   7.87   0.00070
   2.76  12.65   0.00052
   2.77   2.77   0.00000
   2.77   7.88   0.00082
   2.78   2.78   0.00000
   2.79   2.79   0.00000
   2.79  12.66   0.00079
   2.80   2.80   0.00000
   2.80  12.66   0.00095
   2.81   2.81   0.00000
   2.82   2.82   0.00000
   2.83   2.83   0.00000
   2.83  12.67   0.00011
   2.84   2.84   0.00000
   2.84   7.94   0.00037
   2.85   2.85   0.00000
   2.85   7.95   0.00055
   2.86   2.86   0.00000
   2.87   2.87   0.00000
   2.87  12.68   0.00037
   2.88   2.88   0.00000
   2.89   2.89   0.00000
   2.89   7.98   0.00003
   2.90   2.90   0.00000
   2.91   2.91   0.00000
   2.91  12.69   0.00001
   2.92   2.92   0.00000
   2.93   2.93   0.00000
   2.93   8.01   0.00063
   2.94   2.94   0.00000
   2.95   2.95   0.00000
   2.95  12.70   0.00097
   2.96   2.96   0.00000
   2.96   8.03   0.00049
   2.96  12.70   0.00049
   2.97   2.97   0.00000
   2.98   2.98   0.00000
   2.99   2.99   0.00000
   2.99   8.05   0.00093
   3.00   3.00   0.00000
   3.01   3.01   0.00000
   3.01   8.06   0.00045
   3.01  12.71   0.00024
   3.02   3.02   0.00000
   3.03   3.03   0.00000
   3.04   3.04   0.00000
   3.04   8.08   0.00090
   3.05   3.05   0.00000
   3.06   3.06   0.00000
   3.06   8.09   0.00002
   3.06  12.72   0.00069
   3.07   3.07   0.00000
   3.07  12.72   0.00064
   3.08   3.08   0.00000
   3.08   8.10   0.00069
   3.09   3.09   0.00000
   3.10   3.10   0.00000
   3.11   3.11   0.00000
   3.12   3.12   0.00000
   3.13   3.13   0.00000
   3.13  12.73   0.00027
   3.14   3.14   0.00000
   3.15   3.15   0.00000
   3.16   3.16   0.00000
   3.17   3.17   0.00000
   3.18   3.18   0.00000
   3.19   3.19   0.00000
   3.19  12.74   0.00083
   3.20   3.20   0.00000
   3.20  12.74   0.00041
   3.21   3.21   0.00000
   3.22   3.22   0.00000
   3.23   3.23   0.00000
   3.24   3.24   0.00000
   3.24   8.18   0.00045
   3.25   3.25   0.00000
   3.26   3.26   0.00000
   3.26   8.19   0.00027
   3.27   3.27   0.00000
   3.27  12.75   0.00021
   3.28   3.28   0.00000
   3.29   3.29   0.00000
   3.30   3.30   0.00000
   3.31   3.31   0.00000
   3.32   3.32   0.00000
   3.33   3.33   0.00000
   3.33   8.22   0.00006
   3.34   3.34   0.00000
   3.35   3.35   0.00000
   3.35  12.76   0.00034
   3.36   3.36   0.00000
   3.36  12.76   0.00084
   3.37   3.37   0.00000
   3.38   3.38   0.00000
   3.38   8.24   0.00044
   3.39   3.39   0.00000
   3.40   3.40   0.00000
   3.41   3.41   0.00000
   3.42   3.42   0.00000
   3.43   3.43   0.00000
   3.43   8.26   0.00040
   3.44   3.44   0.00000
   3.44  12.77   0.00003
   3.45   3.45   0.00000
   3.46   3.46   0.00000
   3.47   3.47   0.00000
   3.48   3.48   0.00000
   3.48   8.28   0.00012
   3.49   3.49   0.00000
   3.50   3.50   0.00000
   3.51   3.51   0.00000
   3.52   3.52   0.00000
   3.53   3.53   0.00000
   3.53  12.78   0.00020
   3.54   3.54   0.00000
   3.54  12.78   0.00096
   3.55   3.55   0.00000
   3.56   3.56   0.00000
   3.56   8.31   0.00011
   3.57   3.57   0.00000
   3.58   3.58   0.00000
   3.59   3.59   0.00000
   3.59   8.32   0.00079
   3.60   3.60   0.00000
   3.61   3.61   0.00000
   3.62   3.62   0.00000
   3.62  12.79   0.00090
   3.63   3.63   0.00000
   3.63  12.79   0.00027
   3.64   3.64   0.00000
   3.64   8.34   0.00087
   3.65   3.65   0.00000
   3.66   3.66   0.00000
   3.67   3.67   0.00000
   3.67   8.35   0.00019
   3.68   3.68   0.00000
   3.69   3.69   0.00000
   3.70   3.70   0.00000
   3.70   8.36   0.00045
   3.71   3.71   0.00000
   3.72   3.72   0.00000
   3.72  12.80   0.00077
   3.73   3.73   0.00000
   3.73  12.80   0.00041
   3.74   3.74   0.00000
   3.75   3.75   0.00000
   3.76   3.76   0.00000
   3.77   3.77   0.00000
   3.78   3.78   0.00000
   3.79   3.79   0.00000
   3.80   3.80   0.00000
   3.81   3.81   0.00000
   3.81   8.40   0.00062
   3.82   3.82   0.00000
   3.82  12.81   0.00083
   3.83   3.83   0.00000
   3.83  12.81   0.00037
   3.84   3.84   0.00000
   3.84   8.41   0.00011
   3.85   3.85   0.00000
   3.86   3.86   0.00000
   3.87   3.87   0.00000
   3.87   8.42   0.00042
   3.88   3.88   0.00000
   3.89   3.89   0.00000
   3.90   3.90   0.00000
   3.90   8.43   0.00096
   3.91   3.91   0.00000
   3.92   3.92   0.00000
   3.92  12.82   0.00092
   3.93   3.93   0.00000
   3.93  12.82   0.00031
   3.94   3.94   0.00000
   3.95   3.95   0.00000
   3.96   3.96   0.00000
   3.97   3.97   0.00000
   3.98   3.98   0.00000
   3.98   8.46   0.00076
   3.99   3.99   0.00000
   4.00   4.00   0.00000
   4.01   4.01   0.00000
   4.01   8.47   0.00010
   4.02   4.02   0.00000
   4.02  12.83   0.00090
   4.03   4.03   0.00000
   4.03  12.83   0.00037
   4.04   4.04   0.00000
   4.04   8.48   0.00062
   4.05   4.05   0.00000
   4.06   4.06   0.00000
   4.07   4.07   0.00000
   4.08   4.08   0.00000
   4.09   4.09   0.00000
   4.10   4.10   0.00000
   4.11   4.11   0.00000
   4.12   4.12   0.00000
   4.12   8.51   0.00049
   4.12  12.84   0.00063
   4.13   4.13   0.00000
   4.13  12.84   0.00069
   4.14   4.14   0.00000
   4.15   4.15   0.00000
   4.15   8.52   0.00051
   4.16   4.16   0.00000
   4.17   4.17   0.00000
   4.18   4.18   0.00000
   4.19   4.19   0.00000
   4.20   4.20   0.00000
   4.21   4.21   0.00000
   4.22   4.22   0.00000
   4.22  12.85   0.00003
   4.23   4.23   0.00000
   4.23   8.55   0.00026
   4.24   4.24   0.00000
   4.25   4.25   0.00000
   4.26   4.26   0.00000
   4.27   4.27   0.00000
   4.28   4.28   0.00000
   4.28   8.57   0.00078
   4.29   0.12   0.00073
   4.29   0.13   0.00038
   4.29   0.14   0.00001
   4.29   0.15   0.00040
   4.29   0.16   0.00082
   4.29   4.29   0.00000
   4.30   0.25   0.00037
   4.30   0.26   0.00034
   4.30   4.30   0.00000
   4.31   0.33   0.00017
   4.31   0.34   0.00076
   4.31   4.31   0.00000
   4.31   8.58   0.00083
   4.31  12.86   0.00021
   4.32   0.39   0.00035
   4.32   0.40   0.00075
   4.32   4.32   0.00000
   4.33   0.44   0.00070
   4.33   0.45   0.00055
   4.33   4.33   0.00000
   4.34   0.49   0.00028
   4.34   4.34   0.00000
   4.35   0.53   0.00060
   4.35   0.54   0.00092
   4.35   4.35   0.00000
   4.36   0.57   0.00039
   4.36   4.36   0.00000
   4.36   8.60   0.00039
   4.37   0.61   0.00034
   4.37   4.37   0.00000
   4.38   0.64   0.00025
   4.38   4.38   0.00000
   4.39   0.67   0.00052
   4.39   4.39   0.00000
   4.40   0.70   0.00047
   4.40   4.40   0.00000
   4.40  12.87   0.00007
   4.41   0.73   0.00010
   4.41   4.41   0.00000
   4.41   8.62   0.00038
   4.42   0.76   0.00061
   4.42   4.42   0.00000
   4.43   0.78   0.00065
   4.43   4.43   0.00000
   4.44   0.81   0.00061
   4.44   4.44   0.00000
   4.45   0.83   0.00024
   4.45   4.45   0.00000
   4.46   0.85   0.00092
   4.46   4.46   0.00000
   4.46   8.64   0.00083
   4.47   4.47   0.00000
   4.48   0.90   0.00089
   4.48   4.48   0.00000
   4.48   8.65   0.00092
   4.48  12.88   0.00059
   4.49   0.92   0.00080
   4.49   4.49   0.00000
   4.49  12.88   0.00096
   4.50   0.94   0.00088
   4.50   4.50   0.00000
   4.51   4.51   0.00000
   4.52   4.52   0.00000
   4.53   0.99   0.00083
   4.53   4.53   0.00000
   4.53   8.67   0.00026
   4.54   1.01   0.00010
   4.54   4.54   0.00000
   4.55   1.03   0.00080
   4.55   4.55   0.00000
   4.56   4.56   0.00000
   4.56  12.89   0.00066
   4.57   1.06   0.00012
   4.57   4.57   0.00000
   4.57  12.89   0.00095
   4.58   4.58   0.00000
   4.59   1.09   0.00056
   4.59   4.59   0.00000
   4.60   4.60   0.00000
   4.60   8.70   0.00080
   4.61   1.12   0.00054
   4.61   4.61   0.00000
   4.62   4.62   0.00000
   4.62   8.71   0.00030
   4.63   1.15   0.00003
   4.63   4.63   0.00000
   4.64   4.64   0.00000
   4.64  12.90   0.00009
   4.65   1.18   0.00097
   4.65   4.65   0.00000
   4.66   1.19   0.00024
   4.66   4.66   0.00000
   4.67   4.67   0.00000
   4.68   4.68   0.00000
   4.69   1.23   0.00047
   4.69   4.69   0.00000
   4.70   1.24   0.00042
   4.70   4.70   0.00000
   4.71   4.71   0.00000
   4.71  12.91   0.00053
   4.72   4.72   0.00000
   4.73   4.73   0.00000
   4.73   8.76   0.00076
   4.74   1.29   0.00095
   4.74   4.74   0.00000
   4.75   1.30   0.00046
   4.75   4.75   0.00000
   4.75   8.77   0.00039
   4.76   1.31   0.00005
   4.76   4.76   0.00000
   4.77   1.32   0.00029
   4.77   4.77   0.00000
   4.77   8.78   0.00016
   4.78   1.33   0.00056
   4.78   4.78   0.00000
   4.78  12.92   0.00033
   4.79   1.34   0.00076
   4.79   4.79   0.00000
   4.79   8.79   0.00005
   4.80   1.35   0.00088
   4.80   4.80   0.00000
   4.81   1.36   0.00094
   4.81   4.81   0.00000
   4.81   8.80   0.00006
   4.82   1.37   0.00091
   4.82   4.82   0.00000
   4.83   1.38   0.00082
   4.83   4.83   0.00000
   4.83   8.81   0.00021
   4.84   1.39   0.00065
   4.84   4.84   0.00000
   4.85   1.40   0.00041
   4.85   4.85   0.00000
   4.85   8.82   0.00050
   4.85  12.93   0.00056
   4.86   1.41   0.00009
   4.86   4.86   0.00000
   4.87   1.42   0.00030
   4.87   4.87   0.00000
   4.87   8.83   0.00092
   4.88   1.43   0.00076
   4.88   4.88   0.00000
   4.89   4.89   0.00000
   4.90   4.90   0.00000
   4.91   4.91   0.00000
   4.91  12.94   0.00024
   4.92   4.92   0.00000
   4.93   1.47   0.00095
   4.93   4.93   0.00000
   4.94   1.48   0.00008
   4.94   4.94   0.00000
   4.95   1.49   0.00085
   4.95   4.95   0.00000
   4.96   4.96   0.00000
   4.96   8.88   0.00035
   4.97   4.97   0.00000
   4.97  12.95   0.00055
   4.98   4.98   0.00000
   4.98   8.89   0.00088
   4.99   1.52   0.00007
   4.99   4.99   0.00000
   5.00   5.00   0.00000
   5.01   5.01   0.00000
   5.02   5.02   0.00000
   5.02  12.96   0.00056
   5.03   1.55   0.00015
   5.03   5.03   0.00000
   5.03   8.92   0.00021
   5.04   5.04   0.00000
   5.05   5.05   0.00000
   5.06   5.06   0.00000
   5.07   1.58   0.00060
   5.07   5.07   0.00000
   5.08   5.08   0.00000
   5.08   8.95   0.00023
   5.09   5.09   0.00000
   5.10   1.60   0.00024
   5.10   5.10   0.00000
   5.11   5.11   0.00000
   5.12   5.12   0.00000
   5.13   1.62   0.00030
   5.13   5.13   0.00000
   5.13   8.98   0.00087
   5.14   5.14   0.00000
   5.15   5.15   0.00000
   5.16   1.64   0.00076
   5.16   5.16   0.00000
   5.16   9.00   0.00021
   5.17   5.17   0.00000
   5.17  12.99   0.00051
   5.18   1.65   0.00078
   5.18   5.18   0.00000
   5.19   5.19   0.00000
   5.19   9.02   0.00000
   5.20   5.20   0.00000
   5.21   1.67   0.00032
   5.21   5.21   0.00000
   5.22   5.22   0.00000
   5.22   9.04   0.00025
   5.22  13.00   0.00069
   5.23   1.68   0.00085
   5.23   5.23   0.00000
   5.24   5.24   0.00000
   5.25   5.25   0.00000
   5.25   9.06   0.00097
   5.26   1.70   0.00089
   5.26   5.26   0.00000
   5.26  13.01   0.00010
   5.27   5.27   0.00000
   5.28   1.71   0.00007
   5.28   5.28   0.00000
   5.29   5.29   0.00000
   5.29   9.09   0.00034
   5.30   1.72   0.00061
   5.30   5.30   0.00000
   5.30  13.02   0.00000
   5.31   5.31   0.00000
   5.32   5.32   0.00000
   5.33   5.33   0.00000
   5.33   9.12   0.00071
   5.34   5.34   0.00000
   5.34  13.03   0.00040
   5.35   5.35   0.00000
   5.36   5.36   0.00000
   5.37   5.37   0.00000
   5.37   9.15   0.00014
   5.38   5.38   0.00000
   5.39   5.39   0.00000
   5.40   5.40   0.00000
   5.41   5.41   0.00000
   5.41  13.05   0.00004
   5.42   5.42   0.00000
   5.42   9.19   0.00021
   5.43   5.43   0.00000
   5.44   5.44   0.00000
   5.44  13.06   0.00083
   5.45   5.45   0.00000
   5.46   5.46   0.00000
   5.47   5.47   0.00000
   5.48   5.48   0.00000
   5.48   9.24   0.00014
   5.49   5.49   0.00000
   5.49   9.25   0.00094
   5.50   1.82   0.00049
   5.50   5.50   0.00000
   5.51   5.51   0.00000
   5.52   1.83   0.00020
   5.52   5.52   0.00000
   5.53   5.53   0.00000
   5.54   5.54   0.00000
   5.55   5.55   0.00000
   5.56   5.56   0.00000
   5.56  13.10   0.00037
   5.57   5.57   0.00000
   5.58   5.58   0.00000
   5.58   9.33   0.00082
   5.59   1.86   0.00024
   5.59   5.59   0.00000
   5.59   9.34   0.00050
   5.59  13.11   0.00076
   5.60   5.60   0.00000
   5.60   9.35   0.00025
   5.61   1.87   0.00096
   5.61   5.61   0.00000
   5.61   9.36   0.00009
   5.61  13.12   0.00088
   5.62   5.62   0.00000
   5.62   9.37   0.00001
   5.63   5.63   0.00000
   5.63   9.38   0.00001
   5.64   1.88   0.00092
   5.64   5.64   0.00000
   5.64   9.39   0.00009
   5.64  13.13   0.00100
   5.65   5.65   0.00000
   5.65   9.40   0.00025
   5.66   1.89   0.00054
   5.66   5.66   0.00000
   5.66   9.41   0.00050
   5.66  13.14   0.00002
   5.67   5.67   0.00000
   5.67   9.42   0.00082
   5.68   5.68   0.00000
   5.68  13.15   0.00076
   5.69   5.69   0.00000
   5.70   5.70   0.00000
   5.71   1.91   0.00067
   5.71   5.71   0.00000
   5.72   5.72   0.00000
   5.73   5.73   0.00000
   5.74   1.92   0.00060
   5.74   5.74   0.00000
   5.75   5.75   0.00000
   5.75   9.51   0.00094
   5.76   5.76   0.00000
   5.76   9.52   0.00014
   5.76  13.19   0.00092
   5.77   5.77   0.00000
   5.78   5.78   0.00000
   5.78  13.20   0.00026
   5.79   1.94   0.00037
   5.79   5.79   0.00000
   5.80   5.80   0.00000
   5.80  13.21   0.00069
   5.81   5.81   0.00000
   5.81   9.58   0.00022
   5.82   1.95   0.00045
   5.82   5.82   0.00000
   5.83   5.83   0.00000
   5.83  13.23   0.00050
   5.84   5.84   0.00000
   5.85   5.85   0.00000
   5.85   9.63   0.00014
   5.86   5.86   0.00000
   5.86  13.25   0.00083
   5.87   5.87   0.00000
   5.88   5.88   0.00000
   5.88   9.67   0.00071
   5.89   5.89   0.00000
   5.89  13.27   0.00029
   5.90   1.98   0.00089
   5.90   5.90   0.00000
   5.91   5.91   0.00000
   5.91   9.71   0.00034
   5.92   5.92   0.00000
   5.93   1.99   0.00062
   5.93   5.93   0.00000
   5.93  13.30   0.00008
   5.94   5.94   0.00000
   5.94   9.75   0.00096
   5.95   5.95   0.00000
   5.96   2.00   0.00049
   5.96   5.96   0.00000
   5.96   9.78   0.00025
   5.97   5.97   0.00000
   5.98   5.98   0.00000
   5.98   9.81   0.00000
   5.99   2.01   0.00049
   5.99   5.99   0.00000
   5.99  13.35   0.00096
   6.00   6.00   0.00000
   6.00   9.84   0.00021
   6.00  13.36   0.00073
   6.01   6.01   0.00000
   6.01  13.37   0.00064
   6.02   2.02   0.00062
   6.02   6.02   0.00000
   6.02   9.87   0.00087
   6.02  13.38   0.00070
   6.03   6.03   0.00000
   6.03  13.39   0.00090
   6.04   6.04   0.00000
   6.05   2.03   0.00087
   6.05   6.05   0.00000
   6.05   9.92   0.00023
   6.06   6.06   0.00000
   6.07   6.07   0.00000
   6.08   6.08   0.00000
   6.08   9.97   0.00022
   6.08  13.45   0.00024
   6.09   6.09   0.00000
   6.09  13.46   0.00092
   6.10   6.10   0.00000
   6.11   6.11   0.00000
   6.11  10.02   0.00088
   6.11  13.49   0.00045
   6.12   6.12   0.00000
   6.12  10.04   0.00035
   6.13   6.13   0.00000
   6.13  13.52   0.00092
   6.14   6.14   0.00000
   6.15   2.06   0.00043
   6.15   6.15   0.00000
   6.15  13.55   0.00050
   6.16   6.16   0.00000
   6.17   6.17   0.00000
   6.17  10.13   0.00091
   6.17  13.58   0.00080
   6.18   2.07   0.00027
   6.18   6.18   0.00000
   6.18  10.15   0.00049
   6.18  13.60   0.00001
   6.19   6.19   0.00000
   6.19  10.17   0.00021
   6.19  13.62   0.00047
   6.20   6.20   0.00000
   6.20  10.19   0.00006
   6.20  13.64   0.00065
   6.21   6.21   0.00000
   6.21  10.21   0.00004
   6.21  13.66   0.00053
   6.22   6.22   0.00000
   6.22  10.23   0.00015
   6.22  13.68   0.00011
   6.23   6.23   0.00000
   6.23  10.25   0.00039
   6.23  13.70   0.00060
   6.24   6.24   0.00000
   6.24  10.27   0.00075
   6.25   2.09   0.00071
   6.25   6.25   0.00000
   6.25  13.75   0.00000
   6.26   6.26   0.00000
   6.27   6.27   0.00000
   6.27  13.80   0.00091
   6.28   2.10   0.00026
   6.28   6.28   0.00000
   6.28  13.83   0.00062
   6.29   6.29   0.00000
   6.29  10.38   0.00030
   6.29  13.86   0.00078
   6.30   6.30   0.00000
   6.30  10.40   0.00079
   6.31   6.31   0.00000
   6.31  13.93   0.00016
   6.32   6.32   0.00000
   6.32  13.97   0.00043
   6.33   6.33   0.00000
   6.33  10.47   0.00025
   6.33  14.01   0.00037
   6.34   6.34   0.00000
   6.34  14.05   0.00033
   6.35   2.12   0.00019
   6.35   6.35   0.00000
   6.35  10.52   0.00093
   6.35  14.10   0.00021
   6.36   6.36   0.00000
   6.36  10.54   0.00082
   6.36  14.15   0.00011
   6.37   6.37   0.00000
   6.37  14.21   0.00035
   6.38   2.13   0.00098
   6.38   6.38   0.00000
   6.38  10.59   0.00037
   6.38  14.27   0.00028
   6.39   6.39   0.00000
   6.39  14.34   0.00067
   6.39  14.35   0.00063
   6.40   6.40   0.00000
   6.40  10.64   0.00038
   6.40  14.43   0.00011
   6.41   6.41   0.00000
   6.41  14.53   0.00062
   6.41  14.54   0.00028
   6.42   2.14   0.00036
   6.42   6.42   0.00000
   6.42  10.69   0.00082
   6.42  14.67   0.00076
   6.42  14.68   0.00014
   6.42  14.69   0.00047
   6.43   6.43   0.00000
   6.43  10.72   0.00079
   6.44   6.44   0.00000
   6.45   2.15   0.00091
   6.45   6.45   0.00000
   6.45  10.77   0.00025
   6.46   6.46   0.00000
   6.47   6.47   0.00000
   6.48   6.48   0.00000
   6.48  10.85   0.00050
   6.49   2.16   0.00033
   6.49   6.49   0.00000
   6.49  10.88   0.00050
   6.50   6.50   0.00000
   6.51   6.51   0.00000
   6.52   2.17   0.00100
   6.52   6.52   0.00000
   6.52  10.96   0.00061
   6.53   6.53   0.00000
   6.53  10.99   0.00010
   6.54   6.54   0.00000
   6.54  11.02   0.00076
   6.55   6.55   0.00000
   6.56   2.18   0.00017
   6.56   6.56   0.00000
   6.57   6.57   0.00000
   6.57  11.10   0.00095
   6.58   6.58   0.00000
   6.58  11.13   0.00041
   6.59   6.59   0.00000
   6.59  11.16   0.00012
   6.60   6.60   0.00000
   6.60  11.19   0.00063
   6.61   6.61   0.00000
   6.62   6.62   0.00000
   6.63   2.20   0.00001
   6.63   6.63   0.00000
   6.64   6.64   0.00000
   6.64  11.30   0.00044
   6.65   6.65   0.00000
   6.65  11.33   0.00019
   6.66   6.66   0.00000
   6.66  11.36   0.00088
   6.67   6.67   0.00000
   6.68   6.68   0.00000
   6.68  11.41   0.00078
   6.69   6.69   0.00000
   6.69  11.44   0.00011
   6.70   2.22   0.00014
   6.70   6.70   0.00000
   6.71   6.71   0.00000
   6.72   6.72   0.00000
   6.72  11.52   0.00013
   6.73   6.73   0.00000
   6.74   6.74   0.00000
   6.74  11.57   0.00039
   6.75   6.75   0.00000
   6.76   6.76   0.00000
   6.76  11.62   0.00043
   6.77   2.24   0.00013
   6.77   6.77   0.00000
   6.78   6.78   0.00000
   6.78  11.67   0.00006
   6.79   6.79   0.00000
   6.80   6.80   0.00000
   6.81   6.81   0.00000
   6.81  11.74   0.00028
   6.82   6.82   0.00000
   6.82  11.76   0.00045
   6.83   6.83   0.00000
   6.84   2.26   0.00013
   6.84   6.84   0.00000
   6.85   6.85   0.00000
   6.86   6.86   0.00000
   6.87   2.27   0.00086
   6.87   6.87   0.00000
   6.88   6.88   0.00000
   6.89   6.89   0.00000
   6.90   6.90   0.00000
   6.90  11.92   0.00068
   6.91   2.28   0.00073
   6.91   6.91   0.00000
   6.91  11.94   0.00002
   6.92   6.92   0.00000
   6.92  11.96   0.00090
   6.93   6.93   0.00000
   6.94   2.29   0.00007
   6.94   6.94   0.00000
   6.94  11.99   0.00044
   6.95   6.95   0.00000
   6.95  12.01   0.00093
   6.96   6.96   0.00000
   6.97   2.30   0.00076
   6.97   6.97   0.00000
   6.97  12.04   0.00049
   6.98   6.98   0.00000
   6.99   6.99   0.00000
   6.99  12.07   0.00063
   7.00   7.00   0.00000
   7.01   7.01   0.00000
   7.02   7.02   0.00000
   7.02  12.11   0.00002
   7.03   7.03   0.00000
   7.04   2.32   0.00077
   7.04   7.04   0.00000
   7.05   7.05   0.00000
   7.05  12.15   0.00055
   7.06   7.06   0.00000
   7.06  12.16   0.00037
   7.07   2.33   0.00048
   7.07   7.07   0.00000
   7.08   7.08   0.00000
   7.09   7.09   0.00000
   7.10   2.34   0.00033
   7.10   7.10   0.00000
   7.11   7.11   0.00000
   7.12   7.12   0.00000
   7.12  12.23   0.00082
   7.13   2.35   0.00034
   7.13   7.13   0.00000
   7.13  12.24   0.00070
   7.14   7.14   0.00000
   7.14  12.25   0.00069
   7.15   7.15   0.00000
   7.15  12.26   0.00079
   7.16   2.36   0.00052
   7.16   7.16   0.00000
   7.16  12.27   0.00099
   7.17   7.17   0.00000
   7.18   7.18   0.00000
   7.19   2.37   0.00087
   7.19   7.19   0.00000
   7.20   7.20   0.00000
   7.21   7.21   0.00000
   7.22   7.22   0.00000
   7.22  12.32   0.00048
   7.23   7.23   0.00000
   7.23  12.33   0.00042
   7.24   2.39   0.00058
   7.24   7.24   0.00000
   7.25   7.25   0.00000
   7.26   7.26   0.00000
   7.27   2.40   0.00031
   7.27   7.27   0.00000
   7.27  12.36   0.00012
   7.28   7.28   0.00000
   7.29   7.29   0.00000
   7.30   7.30   0.00000
   7.31   7.31   0.00000
   7.31  12.39   0.00060
   7.32   2.42   0.00008
   7.32   7.32   0.00000
   7.33   7.33   0.00000
   7.34   7.34   0.00000
   7.34  12.41   0.00057
   7.35   7.35   0.00000
   7.36   7.36   0.00000
   7.36  12.42   0.00098
   7.37   2.44   0.00027
   7.37   7.37   0.00000
   7.38   7.38   0.00000
   7.39   2.45   0.00072
   7.39   7.39   0.00000
   7.39  12.44   0.00004
   7.40   7.40   0.00000
   7.41   7.41   0.00000
   7.42   7.42   0.00000
   7.43   7.43   0.00000
   7.44   2.47   0.00081
   7.44   7.44   0.00000
   7.44  12.47   0.00083
   7.45   7.45   0.00000
   7.46   2.48   0.00036
   7.46   7.46   0.00000
   7.46  12.48   0.00036
   7.47   7.47   0.00000
   7.48   2.49   0.00009
   7.48   7.48   0.00000
   7.48  12.49   0.00009
   7.49   7.49   0.00000
   7.50   2.50   0.00000
   7.50   7.50   0.00000
   7.50  12.50   0.00000
   7.51   7.51   0.00000
   7.52   2.51   0.00009
   7.52   7.52   0.00000
   7.52  12.51   0.00009
   7.53   7.53   0.00000
   7.54   2.52   0.00037
   7.54   7.54   0.00000
   7.54  12.52   0.00036
   7.55   7.55   0.00000
   7.56   2.53   0.00083
   7.56   7.56   0.00000
   7.56  12.53   0.00080
   7.57   7.57   0.00000
   7.58   7.58   0.00000
   7.59   7.59   0.00000
   7.60   7.60   0.00000
   7.61   2.56   0.00004
   7.61   7.61   0.00000
   7.61  12.55   0.00072
   7.62   7.62   0.00000
   7.63   7.63   0.00000
   7.63  12.56   0.00027
   7.64   2.58   0.00098
   7.64   7.64   0.00000
   7.65   7.65   0.00000
   7.66   2.59   0.00057
   7.66   7.66   0.00000
   7.67   7.67   0.00000
   7.68   7.68   0.00000
   7.68  12.58   0.00009
   7.69   2.61   0.00060
   7.69   7.69   0.00000
   7.70   7.70   0.00000
   7.71   7.71   0.00000
   7.72   7.72   0.00000
   7.73   2.64   0.00012
   7.73   7.73   0.00000
   7.73  12.60   0.00031
   7.74   7.74   0.00000
   7.75   7.75   0.00000
   7.76   7.76   0.00000
   7.76  12.61   0.00059
   7.77   2.67   0.00042
   7.77   7.77   0.00000
   7.78   2.68   0.00048
   7.78   7.78   0.00000
   7.79   7.79   0.00000
   7.80   7.80   0.00000
   7.81   7.81   0.00000
   7.81  12.63   0.00087
   7.82   7.82   0.00000
   7.83   7.83   0.00000
   7.84   2.73   0.00099
   7.84   7.84   0.00000
   7.84  12.64   0.00051
   7.85   2.74   0.00079
   7.85   7.85   0.00000
   7.86   2.75   0.00069
   7.86   7.86   0.00000
   7.87   2.76   0.00070
   7.87   7.87   0.00000
   7.87  12.65   0.00034
   7.88   2.77   0.00082
   7.88   7.88   0.00000
   7.89   7.89   0.00000
   7.90   7.90   0.00000
   7.90  12.66   0.00033
   7.91   7.91   0.00000
   7.92   7.92   0.00000
   7.93   7.93   0.00000
   7.93  12.67   0.00047
   7.94   2.84   0.00037
   7.94   7.94   0.00000
   7.95   2.85   0.00055
   7.95   7.95   0.00000
   7.96   7.96   0.00000
   7.96  12.68   0.00076
   7.97   7.97   0.00000
   7.98   2.89   0.00003
   7.98   7.98   0.00000
   7.99   7.99   0.00000
   8.00   8.00   0.00000
   8.01   2.93   0.00063
   8.01   8.01   0.00000
   8.02   8.02   0.00000
   8.03   2.96   0.00049
   8.03   8.03   0.00000
   8.03  12.70   0.00077
   8.04   8.04   0.00000
   8.05   2.99   0.00093
   8.05   8.05   0.00000
   8.06   3.01   0.00045
   8.06   8.06   0.00000
   8.06  12.71   0.00008
   8.07   8.07   0.00000
   8.08   3.04   0.00090
   8.08   8.08   0.00000
   8.09   3.06   0.00002
   8.09   8.09   0.00000
   8.09  12.72   0.00072
   8.10   3.08   0.00069
   8.10   8.10   0.00000
   8.11   8.11   0.00000
   8.12   8.12   0.00000
   8.13   8.13   0.00000
   8.13  12.73   0.00087
   8.14   8.14   0.00000
   8.15   8.15   0.00000
   8.16   8.16   0.00000
   8.16  12.74   0.00012
   8.17   8.17   0.00000
   8.18   3.24   0.00045
   8.18   8.18   0.00000
   8.19   3.26   0.00027
   8.19   8.19   0.00000
   8.20   8.20   0.00000
   8.21   8.21   0.00000
   8.22   3.33   0.00006
   8.22   8.22   0.00000
   8.23   8.23   0.00000
   8.23  12.76   0.00014
   8.24   3.38   0.00044
   8.24   8.24   0.00000
   8.25   8.25   0.00000
   8.26   3.43   0.00040
   8.26   8.26   0.00000
   8.27   8.27   0.00000
   8.28   3.48   0.00012
   8.28   8.28   0.00000
   8.29   8.29   0.00000
   8.30   8.30   0.00000
   8.30  12.78   0.00015
   8.31   3.56   0.00011
   8.31   8.31   0.00000
   8.32   3.59   0.00079
   8.32   8.32   0.00000
   8.33   8.33   0.00000
   8.34   3.64   0.00087
   8.34   8.34   0.00000
   8.35   3.67   0.00019
   8.35   8.35   0.00000
   8.36   3.70   0.00045
   8.36   8.36   0.00000
   8.37   8.37   0.00000
   8.37  12.80   0.00002
   8.38   8.38   0.00000
   8.39   8.39   0.00000
   8.40   3.81   0.00062
   8.40   8.40   0.00000
   8.41   3.84   0.00011
   8.41   8.41   0.00000
   8.42   3.87   0.00042
   8.42   8.42   0.00000
   8.43   3.90   0.00096
   8.43   8.43   0.00000
   8.44   8.44   0.00000
   8.44  12.82   0.00016
   8.45   8.45   0.00000
   8.46   3.98   0.00076
   8.46   8.46   0.00000
   8.47   4.01   0.00010
   8.47   8.47   0.00000
   8.48   4.04   0.00062
   8.48   8.48   0.00000
   8.49   8.49   0.00000
   8.50   8.50   0.00000
   8.51   4.12   0.00049
   8.51   8.51   0.00000
   8.51  12.84   0.00032
   8.52   4.15   0.00051
   8.52   8.52   0.00000
   8.53   8.53   0.00000
   8.54   8.54   0.00000
   8.55   4.23   0.00026
   8.55   8.55   0.00000
   8.55  12.85   0.00092
   8.56   8.56   0.00000
   8.57   4.28   0.00078
   8.57   8.57   0.00000
   8.58   0.31   0.00046
   8.58   0.32   0.00015
   8.58   0.33   0.00078
   8.58   4.31   0.00083
   8.58   8.58   0.00000
   8.58  12.86   0.00035
   8.59   0.46   0.00027
   8.59   0.47   0.00063
   8.59   8.59   0.00000
   8.60   0.56   0.00099
   8.60   0.57   0.00013
   8.60   4.36   0.00039
   8.60   8.60   0.00000
   8.61   0.65   0.00062
   8.61   0.66   0.00068
   8.61   8.61   0.00000
   8.62   0.73   0.00030
   8.62   4.41   0.00038
   8.62   8.62   0.00000
   8.62  12.87   0.00099
   8.63   0.79   0.00034
   8.63   8.63   0.00000
   8.64   0.85   0.00012
   8.64   4.46   0.00083
   8.64   8.64   0.00000
   8.65   0.90   0.00020
   8.65   4.48   0.00092
   8.65   8.65   0.00000
   8.65  12.88   0.00018
   8.66   0.95   0.00034
   8.66   8.66   0.00000
   8.67   0.99   0.00036
   8.67   4.53   0.00026
   8.67   8.67   0.00000
   8.68   1.03   0.00042
   8.68   8.68   0.00000
   8.69   1.07   0.00017
   8.69   8.69   0.00000
   8.70   4.60   0.00080
   8.70   8.70   0.00000
   8.71   1.14   0.00079
   8.71   4.62   0.00030
   8.71   8.71   0.00000
   8.72   1.17   0.00062
   8.72   8.72   0.00000
   8.72  12.90   0.00027
   8.73   1.20   0.00092
   8.73   8.73   0.00000
   8.74   8.74   0.00000
   8.75   1.25   0.00001
   8.75   8.75   0.00000
   8.75  12.91   0.00070
   8.76   4.73   0.00076
   8.76   8.76   0.00000
   8.77   1.30   0.00061
   8.77   4.75   0.00039
   8.77   8.77   0.00000
   8.78   1.32   0.00011
   8.78   4.77   0.00016
   8.78   8.78   0.00000
   8.79   1.34   0.00053
   8.79   4.79   0.00005
   8.79   8.79   0.00000
   8.80   1.36   0.00064
   8.80   4.81   0.00006
   8.80   8.80   0.00000
   8.81   1.38   0.00046
   8.81   4.83   0.00021
   8.81   8.81   0.00000
   8.82   1.40   0.00002
   8.82   4.85   0.00050
   8.82   8.82   0.00000
   8.82  12.93   0.00028
   8.83   1.42   0.00080
   8.83   4.87   0.00092
   8.83   8.83   0.00000
   8.84   8.84   0.00000
   8.85   1.45   0.00050
   8.85   8.85   0.00000
   8.85  12.94   0.00042
   8.86   8.86   0.00000
   8.87   1.48   0.00092
   8.87   8.87   0.00000
   8.88   4.96   0.00035
   8.88   8.88   0.00000
   8.89   1.51   0.00045
   8.89   4.98   0.00088
   8.89   8.89   0.00000
   8.90   8.90   0.00000
   8.91   1.54   0.00092
   8.91   8.91   0.00000
   8.92   1.55   0.00024
   8.92   5.03   0.00021
   8.92   8.92   0.00000
   8.93   8.93   0.00000
   8.94   8.94   0.00000
   8.95   5.08   0.00023
   8.95   8.95   0.00000
   8.95  12.97   0.00088
   8.96   8.96   0.00000
   8.97   1.61   0.00090
   8.97   8.97   0.00000
   8.98   1.62   0.00070
   8.98   5.13   0.00087
   8.98   8.98   0.00000
   8.98  12.98   0.00063
   8.99   1.63   0.00064
   8.99   8.99   0.00000
   9.00   1.64   0.00073
   9.00   5.16   0.00021
   9.00   9.00   0.00000
   9.01   1.65   0.00096
   9.01   9.01   0.00000
   9.01  12.99   0.00050
   9.02   5.19   0.00000
   9.02   9.02   0.00000
   9.03   9.03   0.00000
   9.04   5.22   0.00025
   9.04   9.04   0.00000
   9.04  13.00   0.00050
   9.05   9.05   0.00000
   9.06   5.25   0.00097
   9.06   9.06   0.00000
   9.07   1.70   0.00008
   9.07   9.07   0.00000
   9.07  13.01   0.00063
   9.08   9.08   0.00000
   9.09   5.29   0.00034
   9.09   9.09   0.00000
   9.10   9.10   0.00000
   9.10  13.02   0.00089
   9.11   1.73   0.00030
   9.11   9.11   0.00000
   9.12   5.33   0.00071
   9.12   9.12   0.00000
   9.13   9.13   0.00000
   9.14   1.75   0.00083
   9.14   9.14   0.00000
   9.15   5.37   0.00014
   9.15   9.15   0.00000
   9.16   9.16   0.00000
   9.17   1.77   0.00050
   9.17   9.17   0.00000
   9.18   9.18   0.00000
   9.18  13.05   0.00045
   9.19   5.42   0.00021
   9.19   9.19   0.00000
   9.20   1.79   0.00068
   9.20   9.20   0.00000
   9.21   9.21   0.00000
   9.21  13.06   0.00038
   9.22   1.80   0.00026
   9.22   9.22   0.00000
   9.23   9.23   0.00000
   9.24   1.81   0.00093
   9.24   5.48   0.00014
   9.24   9.24   0.00000
   9.25   5.49   0.00094
   9.25   9.25   0.00000
   9.26   9.26   0.00000
   9.26  13.08   0.00059
   9.27   9.27   0.00000
   9.28   9.28   0.00000
   9.29   9.29   0.00000
   9.29  13.09   0.00068
   9.30   9.30   0.00000
   9.31   9.31   0.00000
   9.32   1.85   0.00077
   9.32   9.32   0.00000
   9.33   5.58   0.00082
   9.33   9.33   0.00000
   9.34   1.86   0.00003
   9.34   5.59   0.00050
   9.34   9.34   0.00000
   9.34  13.11   0.00054
   9.35   5.60   0.00025
   9.35   9.35   0.00000
   9.36   1.87   0.00099
   9.36   5.61   0.00009
   9.36   9.36   0.00000
   9.36  13.12   0.00091
   9.37   5.62   0.00001
   9.37   9.37   0.00000
   9.38   5.63   0.00001
   9.38   9.38   0.00000
   9.39   1.88   0.00089
   9.39   5.64   0.00009
   9.39   9.39   0.00000
   9.39  13.13   0.00097
   9.40   5.65   0.00025
   9.40   9.40   0.00000
   9.41   1.89   0.00075
   9.41   5.66   0.00050
   9.41   9.41   0.00000
   9.41  13.14   0.00023
   9.42   5.67   0.00082
   9.42   9.42   0.00000
   9.43   9.43   0.00000
   9.44   1.90   0.00038
   9.44   9.44   0.00000
   9.45   9.45   0.00000
   9.46   9.46   0.00000
   9.47   9.47   0.00000
   9.48   9.48   0.00000
   9.48  13.17   0.00021
   9.49   9.49   0.00000
   9.50   9.50   0.00000
   9.50  13.18   0.00049
   9.51   5.75   0.00094
   9.51   9.51   0.00000
   9.52   5.76   0.00014
   9.52   9.52   0.00000
   9.53   9.53   0.00000
   9.54   9.54   0.00000
   9.55   9.55   0.00000
   9.56   1.94   0.00084
   9.56   9.56   0.00000
   9.57   9.57   0.00000
   9.58   5.81   0.00022
   9.58   9.58   0.00000
   9.59   1.95   0.00004
   9.59   9.59   0.00000
   9.60   9.60   0.00000
   9.61   9.61   0.00000
   9.62   9.62   0.00000
   9.63   5.85   0.00014
   9.63   9.63   0.00000
   9.64   9.64   0.00000
   9.65   9.65   0.00000
   9.66   1.97   0.00039
   9.66   9.66   0.00000
   9.67   5.88   0.00071
   9.67   9.67   0.00000
   9.68   9.68   0.00000
   9.69   9.69   0.00000
   9.70   1.98   0.00001
   9.70   9.70   0.00000
   9.70  13.28   0.00061
   9.71   5.91   0.00034
   9.71   9.71   0.00000
   9.72   9.72   0.00000
   9.72  13.29   0.00008
   9.73   9.73   0.00000
   9.74   1.99   0.00009
   9.74   9.74   0.00000
   9.74  13.30   0.00089
   9.75   5.94   0.00096
   9.75   9.75   0.00000
   9.76   9.76   0.00000
   9.77   9.77   0.00000
   9.77  13.32   0.00085
   9.78   2.00   0.00068
   9.78   5.96   0.00025
   9.78   9.78   0.00000
   9.79   9.79   0.00000
   9.79  13.33   0.00033
   9.80   9.80   0.00000
   9.81   5.98   0.00000
   9.81   9.81   0.00000
   9.82   9.82   0.00000
   9.82  13.35   0.00077
   9.83   2.01   0.00052
   9.83   9.83   0.00000
   9.84   6.00   0.00021
   9.84   9.84   0.00000
   9.84  13.36   0.00076
   9.85   9.85   0.00000
   9.86   9.86   0.00000
   9.87   6.02   0.00087
   9.87   9.87   0.00000
   9.87  13.38   0.00030
   9.88   9.88   0.00000
   9.89   9.89   0.00000
   9.90   9.90   0.00000
   9.90  13.40   0.00025
   9.91   9.91   0.00000
   9.92   6.05   0.00023
   9.92   9.92   0.00000
   9.93   9.93   0.00000
   9.93  13.42   0.00060
   9.94   9.94   0.00000
   9.95   9.95   0.00000
   9.96   9.96   0.00000
   9.97   6.08   0.00022
   9.97   9.97   0.00000
   9.97  13.45   0.00015
   9.98   2.04   0.00057
   9.98   9.98   0.00000
   9.99   9.99   0.00000
  10.00  10.00   0.00000
  10.01  10.01   0.00000
  10.01  13.48   0.00006
  10.02   6.11   0.00088
  10.02  10.02   0.00000
  10.03   2.05   0.00053
  10.03  10.03   0.00000
  10.04   6.12   0.00035
  10.04  10.04   0.00000
  10.05  10.05   0.00000
  10.05  13.51   0.00085
  10.06  10.06   0.00000
  10.06  13.52   0.00008
  10.07  10.07   0.00000
  10.07  13.53   0.00095
  10.08  10.08   0.00000
  10.09   2.06   0.00022
  10.09  10.09   0.00000
  10.10  10.10   0.00000
  10.11  10.11   0.00000
  10.12  10.12   0.00000
  10.12  13.57   0.00076
  10.13   6.17   0.00091
  10.13  10.13   0.00000
  10.13  13.58   0.00030
  10.14  10.14   0.00000
  10.14  13.59   0.00009
  10.15   2.07   0.00055
  10.15   6.18   0.00049
  10.15  10.15   0.00000
  10.15  13.60   0.00041
  10.16  10.16   0.00000
  10.16  13.61   0.00065
  10.17   6.19   0.00021
  10.17  10.17   0.00000
  10.17  13.62   0.00082
  10.18  10.18   0.00000
  10.18  13.63   0.00091
  10.19   6.20   0.00006
  10.19  10.19   0.00000
  10.19  13.64   0.00094
  10.20  10.20   0.00000
  10.20  13.65   0.00088
  10.21   6.21   0.00004
  10.21  10.21   0.00000
  10.21  13.66   0.00076
  10.22   2.08   0.00034
  10.22  10.22   0.00000
  10.22  13.67   0.00056
  10.23   6.22   0.00015
  10.23  10.23   0.00000
  10.23  13.68   0.00029
  10.24  10.24   0.00000
  10.24  13.69   0.00005
  10.25   6.23   0.00039
  10.25  10.25   0.00000
  10.25  13.70   0.00046
  10.26  10.26   0.00000
  10.26  13.71   0.00094
  10.27   6.24   0.00075
  10.27  10.27   0.00000
  10.28  10.28   0.00000
  10.29   2.09   0.00054
  10.29  10.29   0.00000
  10.30  10.30   0.00000
  10.30  13.76   0.00042
  10.31  10.31   0.00000
  10.31  13.77   0.00047
  10.32  10.32   0.00000
  10.33  10.33   0.00000
  10.34  10.34   0.00000
  10.34  13.81   0.00024
  10.35  10.35   0.00000
  10.35  13.82   0.00097
  10.36   2.10   0.00010
  10.36  10.36   0.00000
  10.37  10.37   0.00000
  10.37  13.85   0.00003
  10.38   6.29   0.00030
  10.38  10.38   0.00000
  10.39  10.39   0.00000
  10.39  13.88   0.00054
  10.40   6.30   0.00079
  10.40  10.40   0.00000
  10.41  10.41   0.00000
  10.41  13.91   0.00057
  10.42  10.42   0.00000
  10.43   2.11   0.00094
  10.43  10.43   0.00000
  10.43  13.94   0.00012
  10.44   2.11   0.00068
  10.44  10.44   0.00000
  10.45  10.45   0.00000
  10.45  13.97   0.00080
  10.46  10.46   0.00000
  10.46  13.99   0.00010
  10.47   6.33   0.00025
  10.47  10.47   0.00000
  10.47  14.01   0.00083
  10.48  10.48   0.00000
  10.49  10.49   0.00000
  10.50  10.50   0.00000
  10.50  14.06   0.00088
  10.51   2.12   0.00095
  10.51  10.51   0.00000
  10.51  14.08   0.00079
  10.52   2.12   0.00060
  10.52   6.35   0.00093
  10.52  10.52   0.00000
  10.52  14.10   0.00089
  10.53  10.53   0.00000
  10.54   6.36   0.00082
  10.54  10.54   0.00000
  10.54  14.15   0.00093
  10.55  10.55   0.00000
  10.55  14.17   0.00024
  10.56  10.56   0.00000
  10.56  14.19   0.00061
  10.57  10.57   0.00000
  10.57  14.22   0.00066
  10.58  10.58   0.00000
  10.58  14.24   0.00060
  10.59   6.38   0.00037
  10.59  10.59   0.00000
  10.59  14.27   0.00010
  10.60   2.13   0.00005
  10.60  10.60   0.00000
  10.60  14.30   0.00048
  10.61  10.61   0.00000
  10.61  14.33   0.00053
  10.62  10.62   0.00000
  10.62  14.36   0.00026
  10.63  10.63   0.00000
  10.63  14.39   0.00033
  10.64   6.40   0.00038
  10.64  10.64   0.00000
  10.64  14.43   0.00040
  10.65  10.65   0.00000
  10.65  14.46   0.00091
  10.65  14.47   0.00060
  10.66  10.66   0.00000
  10.66  14.51   0.00029
  10.67  10.67   0.00000
  10.67  14.55   0.00054
  10.67  14.56   0.00071
  10.68  10.68   0.00000
  10.68  14.60   0.00075
  10.68  14.61   0.00036
  10.69   2.14   0.00022
  10.69   6.42   0.00082
  10.69  10.69   0.00000
  10.69  14.66   0.00076
  10.69  14.67   0.00018
  10.70  10.70   0.00000
  10.70  14.74   0.00033
  10.70  14.75   0.00038
  10.71  10.71   0.00000
  10.71  14.84   0.00082
  10.71  14.85   0.00039
  10.71  14.86   0.00001
  10.71  14.87   0.00039
  10.71  14.88   0.00073
  10.72   6.43   0.00079
  10.72  10.72   0.00000
  10.73  10.73   0.00000
  10.74  10.74   0.00000
  10.75  10.75   0.00000
  10.76  10.76   0.00000
  10.77   6.45   0.00025
  10.77  10.77   0.00000
  10.78   2.15   0.00002
  10.78  10.78   0.00000
  10.79  10.79   0.00000
  10.80  10.80   0.00000
  10.81  10.81   0.00000
  10.82  10.82   0.00000
  10.83  10.83   0.00000
  10.84  10.84   0.00000
  10.85   6.48   0.00050
  10.85  10.85   0.00000
  10.86  10.86   0.00000
  10.87   2.16   0.00068
  10.87  10.87   0.00000
  10.88   2.16   0.00065
  10.88   6.49   0.00050
  10.88  10.88   0.00000
  10.89  10.89   0.00000
  10.90  10.90   0.00000
  10.91  10.91   0.00000
  10.92  10.92   0.00000
  10.93  10.93   0.00000
  10.94  10.94   0.00000
  10.95  10.95   0.00000
  10.96   6.52   0.00061
  10.96  10.96   0.00000
  10.97   2.17   0.00036
  10.97  10.97   0.00000
  10.98   2.17   0.00092
  10.98  10.98   0.00000
  10.99   6.53   0.00010
  10.99  10.99   0.00000
  11.00  11.00   0.00000
  11.01  11.01   0.00000
  11.02   6.54   0.00076
  11.02  11.02   0.00000
  11.03  11.03   0.00000
  11.04  11.04   0.00000
  11.05  11.05   0.00000
  11.06  11.06   0.00000
  11.07   2.18   0.00030
  11.07  11.07   0.00000
  11.08   2.18   0.00094
  11.08  11.08   0.00000
  11.09  11.09   0.00000
  11.10   6.57   0.00095
  11.10  11.10   0.00000
  11.11  11.11   0.00000
  11.12  11.12   0.00000
  11.13   6.58   0.00041
  11.13  11.13   0.00000
  11.14  11.14   0.00000
  11.15  11.15   0.00000
  11.16   6.59   0.00012
  11.16  11.16   0.00000
  11.17   2.19   0.00036
  11.17  11.17   0.00000
  11.18   2.19   0.00084
  11.18  11.18   0.00000
  11.19   6.60   0.00063
  11.19  11.19   0.00000
  11.20  11.20   0.00000
  11.21  11.21   0.00000
  11.22  11.22   0.00000
  11.23  11.23   0.00000
  11.24  11.24   0.00000
  11.25  11.25   0.00000
  11.26  11.26   0.00000
  11.27   2.20   0.00039
  11.27  11.27   0.00000
  11.28   2.20   0.00079
  11.28  11.28   0.00000
  11.29  11.29   0.00000
  11.30   6.64   0.00044
  11.30  11.30   0.00000
  11.31  11.31   0.00000
  11.32  11.32   0.00000
  11.33   6.65   0.00019
  11.33  11.33   0.00000
  11.34  11.34   0.00000
  11.35  11.35   0.00000
  11.36   6.66   0.00088
  11.36  11.36   0.00000
  11.37   2.21   0.00025
  11.37  11.37   0.00000
  11.38   2.21   0.00091
  11.38  11.38   0.00000
  11.39  11.39   0.00000
  11.40  11.40   0.00000
  11.41   6.68   0.00078
  11.41  11.41   0.00000
  11.42  11.42   0.00000
  11.43  11.43   0.00000
  11.44   6.69   0.00011
  11.44  11.44   0.00000
  11.45  11.45   0.00000
  11.46   2.22   0.00095
  11.46  11.46   0.00000
  11.47   2.22   0.00021
  11.47  11.47   0.00000
  11.48  11.48   0.00000
  11.49  11.49   0.00000
  11.50  11.50   0.00000
  11.51  11.51   0.00000
  11.52   6.72   0.00013
  11.52  11.52   0.00000
  11.53  11.53   0.00000
  11.54  11.54   0.00000
  11.55  11.55   0.00000
  11.56   2.23   0.00001
  11.56  11.56   0.00000
  11.57   6.74   0.00039
  11.57  11.57   0.00000
  11.58  11.58   0.00000
  11.59  11.59   0.00000
  11.60  11.60   0.00000
  11.61  11.61   0.00000
  11.62   6.76   0.00043
  11.62  11.62   0.00000
  11.63  11.63   0.00000
  11.64   2.24   0.00083
  11.64  11.64   0.00000
  11.65   2.24   0.00035
  11.65  11.65   0.00000
  11.66  11.66   0.00000
  11.67   6.78   0.00006
  11.67  11.67   0.00000
  11.68  11.68   0.00000
  11.69  11.69   0.00000
  11.70  11.70   0.00000
  11.71  11.71   0.00000
  11.72   2.25   0.00099
  11.72  11.72   0.00000
  11.73   2.25   0.00022
  11.73  11.73   0.00000
  11.74   6.81   0.00028
  11.74  11.74   0.00000
  11.75  11.75   0.00000
  11.76   6.82   0.00045
  11.76  11.76   0.00000
  11.77  11.77   0.00000
  11.78  11.78   0.00000
  11.79  11.79   0.00000
  11.80   2.26   0.00040
  11.80  11.80   0.00000
  11.81   2.26   0.00084
  11.81  11.81   0.00000
  11.82  11.82   0.00000
  11.83  11.83   0.00000
  11.84  11.84   0.00000
  11.85  11.85   0.00000
  11.86  11.86   0.00000
  11.87   2.27   0.00026
  11.87  11.87   0.00000
  11.88  11.88   0.00000
  11.89  11.89   0.00000
  11.90  11.90   0.00000
  11.91  11.91   0.00000
  11.92   6.90   0.00068
  11.92  11.92   0.00000
  11.93   2.28   0.00063
  11.93  11.93   0.00000
  11.94   2.28   0.00070
  11.94   6.91   0.00002
  11.94  11.94   0.00000
  11.95  11.95   0.00000
  11.96   6.92   0.00090
  11.96  11.96   0.00000
  11.97  11.97   0.00000
  11.98  11.98   0.00000
  11.99   2.29   0.00024
  11.99   6.94   0.00044
  11.99  11.99   0.00000
  12.00  12.00   0.00000
  12.01   6.95   0.00093
  12.01  12.01   0.00000
  12.02  12.02   0.00000
  12.03  12.03   0.00000
  12.04   2.30   0.00048
  12.04   6.97   0.00049
  12.04  12.04   0.00000
  12.05   2.30   0.00097
  12.05  12.05   0.00000
  12.06  12.06   0.00000
  12.07   6.99   0.00063
  12.07  12.07   0.00000
  12.08  12.08   0.00000
  12.09   2.31   0.00000
  12.09  12.09   0.00000
  12.10  12.10   0.00000
  12.11   7.02   0.00002
  12.11  12.11   0.00000
  12.12  12.12   0.00000
  12.13   2.32   0.00036
  12.13  12.13   0.00000
  12.14  12.14   0.00000
  12.15   7.05   0.00055
  12.15  12.15   0.00000
  12.16   7.06   0.00037
  12.16  12.16   0.00000
  12.17   2.33   0.00010
  12.17  12.17   0.00000
  12.18  12.18   0.00000
  12.19  12.19   0.00000
  12.20   2.34   0.00094
  12.20  12.20   0.00000
  12.21   2.34   0.00080
  12.21  12.21   0.00000
  12.22  12.22   0.00000
  12.23   7.12   0.00082
  12.23  12.23   0.00000
  12.24   2.35   0.00053
  12.24   7.13   0.00070
  12.24  12.24   0.00000
  12.25   7.14   0.00069
  12.25  12.25   0.00000
  12.26   7.15   0.00079
  12.26  12.26   0.00000
  12.27   2.36   0.00076
  12.27   7.16   0.00099
  12.27  12.27   0.00000
  12.28  12.28   0.00000
  12.29   2.37   0.00048
  12.29  12.29   0.00000
  12.30  12.30   0.00000
  12.31  12.31   0.00000
  12.32   2.38   0.00070
  12.32   7.22   0.00048
  12.32  12.32   0.00000
  12.33   7.23   0.00042
  12.33  12.33   0.00000
  12.34   2.39   0.00024
  12.34  12.34   0.00000
  12.35  12.35   0.00000
  12.36   2.40   0.00014
  12.36   7.27   0.00012
  12.36  12.36   0.00000
  12.37  12.37   0.00000
  12.38   2.41   0.00038
  12.38  12.38   0.00000
  12.39   7.31   0.00060
  12.39  12.39   0.00000
  12.40   2.42   0.00099
  12.40  12.40   0.00000
  12.41   2.43   0.00055
  12.41   7.34   0.00057
  12.41  12.41   0.00000
  12.42   7.36   0.00098
  12.42  12.42   0.00000
  12.43   2.44   0.00068
  12.43  12.43   0.00000
  12.44   2.45   0.00041
  12.44   7.39   0.00004
  12.44  12.44   0.00000
  12.45  12.45   0.00000
  12.46  12.46   0.00000
  12.47   2.47   0.00082
  12.47   7.44   0.00083
  12.47  12.47   0.00000
  12.48   2.48   0.00036
  12.48   7.46   0.00036
  12.48  12.48   0.00000
  12.49   2.49   0.00009
  12.49   7.48   0.00009
  12.49  12.49   0.00000
  12.50   2.50   0.00000
  12.50   7.50   0.00000
  12.50  12.50   0.00000
  12.51   2.51   0.00009
  12.51   7.52   0.00009
  12.51  12.51   0.00000
  12.52   2.52   0.00036
  12.52   7.54   0.00036
  12.52  12.52   0.00000
  12.53   2.53   0.00082
  12.53   7.56   0.00080
  12.53  12.53   0.00000
  12.54  12.54   0.00000
  12.55   2.56   0.00041
  12.55   7.61   0.00072
  12.55  12.55   0.00000
  12.56   2.57   0.00068
  12.56   7.63   0.00027
  12.56  12.56   0.00000
  12.57   2.59   0.00056
  12.57  12.57   0.00000
  12.58   2.60   0.00099
  12.58   7.68   0.00009
  12.58  12.58   0.00000
  12.59   2.62   0.00038
  12.59  12.59   0.00000
  12.60   2.64   0.00013
  12.60   7.73   0.00031
  12.60  12.60   0.00000
  12.61   2.66   0.00024
  12.61   7.76   0.00059
  12.61  12.61   0.00000
  12.62   2.68   0.00070
  12.62  12.62   0.00000
  12.63   2.71   0.00048
  12.63   7.81   0.00087
  12.63  12.63   0.00000
  12.64   2.73   0.00076
  12.64   7.84   0.00051
  12.64  12.64   0.00000
  12.65   2.76   0.00052
  12.65   7.87   0.00034
  12.65  12.65   0.00000
  12.66   2.79   0.00079
  12.66   2.80   0.00095
  12.66   7.90   0.00033
  12.66  12.66   0.00000
  12.67   2.83   0.00011
  12.67   7.93   0.00047
  12.67  12.67   0.00000
  12.68   2.87   0.00037
  12.68   7.96   0.00076
  12.68  12.68   0.00000
  12.69   2.91   0.00001
  12.69  12.69   0.00000
  12.70   2.95   0.00097
  12.70   2.96   0.00049
  12.70   8.03   0.00077
  12.70  12.70   0.00000
  12.71   3.01   0.00024
  12.71   8.06   0.00008
  12.71  12.71   0.00000
  12.72   3.06   0.00069
  12.72   3.07   0.00064
  12.72   8.09   0.00072
  12.72  12.72   0.00000
  12.73   3.13   0.00027
  12.73   8.13   0.00087
  12.73  12.73   0.00000
  12.74   3.19   0.00083
  12.74   3.20   0.00041
  12.74   8.16   0.00012
  12.74  12.74   0.00000
  12.75   3.27   0.00021
  12.75  12.75   0.00000
  12.76   3.35   0.00034
  12.76   3.36   0.00084
  12.76   8.23   0.00014
  12.76  12.76   0.00000
  12.77   3.44   0.00003
  12.77  12.77   0.00000
  12.78   3.53   0.00020
  12.78   3.54   0.00096
  12.78   8.30   0.00015
  12.78  12.78   0.00000
  12.79   3.62   0.00090
  12.79   3.63   0.00027
  12.79  12.79   0.00000
  12.80   3.72   0.00077
  12.80   3.73   0.00041
  12.80   8.37   0.00002
  12.80  12.80   0.00000
  12.81   3.82   0.00083
  12.81   3.83   0.00037
  12.81  12.81   0.00000
  12.82   3.92   0.00092
  12.82   3.93   0.00031
  12.82   8.44   0.00016
  12.82  12.82   0.00000
  12.83   4.02   0.00090
  12.83   4.03   0.00037
  12.83  12.83   0.00000
  12.84   4.12   0.00063
  12.84   4.13   0.00069
  12.84   8.51   0.00032
  12.84  12.84   0.00000
  12.85   4.22   0.00003
  12.85   8.55   0.00092
  12.85  12.85   0.00000
  12.86   0.30   0.00092
  12.86   0.31   0.00071
  12.86   0.32   0.00049
  12.86   0.33   0.00027
  12.86   0.34   0.00004
  12.86   0.35   0.00020
  12.86   0.36   0.00044
  12.86   0.37   0.00070
  12.86   0.38   0.00095
  12.86   4.31   0.00021
  12.86   8.58   0.00035
  12.86  12.86   0.00000
  12.87   0.69   0.00055
  12.87   0.70   0.00005
  12.87   0.71   0.00045
  12.87   0.72   0.00096
  12.87   4.40   0.00007
  12.87   8.62   0.00099
  12.87  12.87   0.00000
  12.88   0.89   0.00097
  12.88   0.90   0.00030
  12.88   0.91   0.00037
  12.88   4.48   0.00059
  12.88   4.49   0.00096
  12.88   8.65   0.00018
  12.88  12.88   0.00000
  12.89   1.04   0.00088
  12.89   1.05   0.00007
  12.89   1.06   0.00075
  12.89   4.56   0.00066
  12.89   4.57   0.00095
  12.89  12.89   0.00000
  12.90   1.16   0.00043
  12.90   1.17   0.00051
  12.90   4.64   0.00009
  12.90   8.72   0.00027
  12.90  12.90   0.00000
  12.91   1.25   0.00070
  12.91   1.26   0.00035
  12.91   4.71   0.00053
  12.91   8.75   0.00070
  12.91  12.91   0.00000
  12.92   1.33   0.00037
  12.92   1.34   0.00079
  12.92   4.78   0.00033
  12.92  12.92   0.00000
  12.93   1.40   0.00025
  12.93   4.85   0.00056
  12.93   8.82   0.00028
  12.93  12.93   0.00000
  12.94   1.45   0.00052
  12.94   1.46   0.00085
  12.94   4.91   0.00024
  12.94   8.85   0.00042
  12.94  12.94   0.00000
  12.95   1.50   0.00034
  12.95   4.97   0.00055
  12.95  12.95   0.00000
  12.96   1.54   0.00077
  12.96   1.55   0.00081
  12.96   5.02   0.00056
  12.96  12.96   0.00000
  12.97   1.58   0.00044
  12.97   8.95   0.00088
  12.97  12.97   0.00000
  12.98   1.62   0.00067
  12.98   8.98   0.00063
  12.98  12.98   0.00000
  12.99   1.65   0.00067
  12.99   5.17   0.00051
  12.99   9.01   0.00050
  12.99  12.99   0.00000
  13.00   1.67   0.00073
  13.00   5.22   0.00069
  13.00   9.04   0.00050
  13.00  13.00   0.00000
  13.01   1.70   0.00033
  13.01   5.26   0.00010
  13.01   9.07   0.00063
  13.01  13.01   0.00000
  13.02   1.72   0.00020
  13.02   5.30   0.00000
  13.02   9.10   0.00089
  13.02  13.02   0.00000
  13.03   1.74   0.00035
  13.03   5.34   0.00040
  13.03  13.03   0.00000
  13.04   1.76   0.00011
  13.04  13.04   0.00000
  13.05   1.78   0.00052
  13.05   5.41   0.00004
  13.05   9.18   0.00045
  13.05  13.05   0.00000
  13.06   5.44   0.00083
  13.06   9.21   0.00038
  13.06  13.06   0.00000
  13.07   1.81   0.00027
  13.07  13.07   0.00000
  13.08   1.82   0.00079
  13.08   9.26   0.00059
  13.08  13.08   0.00000
  13.09   9.29   0.00068
  13.09  13.09   0.00000
  13.10   1.85   0.00061
  13.10   5.56   0.00037
  13.10  13.10   0.00000
  13.11   1.86   0.00022
  13.11   5.59   0.00076
  13.11   9.34   0.00054
  13.11  13.11   0.00000
  13.12   1.87   0.00003
  13.12   5.61   0.00088
  13.12   9.36   0.00091
  13.12  13.12   0.00000
  13.13   1.88   0.00003
  13.13   5.64   0.00100
  13.13   9.39   0.00097
  13.13  13.13   0.00000
  13.14   1.89   0.00022
  13.14   5.66   0.00002
  13.14   9.41   0.00023
  13.14  13.14   0.00000
  13.15   1.90   0.00061
  13.15   5.68   0.00076
  13.15  13.15   0.00000
  13.16  13.16   0.00000
  13.17   9.48   0.00021
  13.17  13.17   0.00000
  13.18   1.92   0.00080
  13.18   9.50   0.00049
  13.18  13.18   0.00000
  13.19   1.93   0.00027
  13.19   5.76   0.00092
  13.19  13.19   0.00000
  13.20   5.78   0.00026
  13.20  13.20   0.00000
  13.21   5.80   0.00069
  13.21  13.21   0.00000
  13.22   1.95   0.00052
  13.22  13.22   0.00000
  13.23   5.83   0.00050
  13.23  13.23   0.00000
  13.24   1.96   0.00011
  13.24  13.24   0.00000
  13.25   5.86   0.00083
  13.25  13.25   0.00000
  13.26   1.97   0.00035
  13.26  13.26   0.00000
  13.27   5.89   0.00029
  13.27  13.27   0.00000
  13.28   1.98   0.00020
  13.28   9.70   0.00061
  13.28  13.28   0.00000
  13.29   9.72   0.00008
  13.29  13.29   0.00000
  13.30   1.99   0.00033
  13.30   5.93   0.00008
  13.30   9.74   0.00089
  13.30  13.30   0.00000
  13.31  13.31   0.00000
  13.32   9.77   0.00085
  13.32  13.32   0.00000
  13.33   2.00   0.00073
  13.33   9.79   0.00033
  13.33  13.33   0.00000
  13.34  13.34   0.00000
  13.35   2.01   0.00067
  13.35   5.99   0.00096
  13.35   9.82   0.00077
  13.35  13.35   0.00000
  13.36   6.00   0.00073
  13.36   9.84   0.00076
  13.36  13.36   0.00000
  13.37   6.01   0.00064
  13.37  13.37   0.00000
  13.38   2.02   0.00066
  13.38   6.02   0.00070
  13.38   9.87   0.00030
  13.38  13.38   0.00000
  13.39   6.03   0.00090
  13.39  13.39   0.00000
  13.40   9.90   0.00025
  13.40  13.40   0.00000
  13.41  13.41   0.00000
  13.42   2.03   0.00044
  13.42   9.93   0.00060
  13.42  13.42   0.00000
  13.43  13.43   0.00000
  13.44  13.44   0.00000
  13.45   2.04   0.00080
  13.45   6.08   0.00024
  13.45   9.97   0.00015
  13.45  13.45   0.00000
  13.46   2.04   0.00078
  13.46   6.09   0.00092
  13.46  13.46   0.00000
  13.47  13.47   0.00000
  13.48  10.01   0.00006
  13.48  13.48   0.00000
  13.49   6.11   0.00045
  13.49  13.49   0.00000
  13.50   2.05   0.00035
  13.50  13.50   0.00000
  13.51  10.05   0.00085
  13.51  13.51   0.00000
  13.52   6.13   0.00092
  13.52  10.06   0.00008
  13.52  13.52   0.00000
  13.53  10.07   0.00095
  13.53  13.53   0.00000
  13.54   2.06   0.00085
  13.54  13.54   0.00000
  13.55   2.06   0.00053
  13.55   6.15   0.00050
  13.55  13.55   0.00000
  13.56  13.56   0.00000
  13.57  10.12   0.00076
  13.57  13.57   0.00000
  13.58   6.17   0.00080
  13.58  10.13   0.00030
  13.58  13.58   0.00000
  13.59  10.14   0.00009
  13.59  13.59   0.00000
  13.60   2.07   0.00024
  13.60   6.18   0.00001
  13.60  10.15   0.00041
  13.60  13.60   0.00000
  13.61  10.16   0.00065
  13.61  13.61   0.00000
  13.62   6.19   0.00047
  13.62  10.17   0.00082
  13.62  13.62   0.00000
  13.63  10.18   0.00091
  13.63  13.63   0.00000
  13.64   6.20   0.00065
  13.64  10.19   0.00094
  13.64  13.64   0.00000
  13.65  10.20   0.00088
  13.65  13.65   0.00000
  13.66   2.08   0.00079
  13.66   6.21   0.00053
  13.66  10.21   0.00076
  13.66  13.66   0.00000
  13.67   2.08   0.00038
  13.67  10.22   0.00056
  13.67  13.67   0.00000
  13.68   6.22   0.00011
  13.68  10.23   0.00029
  13.68  13.68   0.00000
  13.69  10.24   0.00005
  13.69  13.69   0.00000
  13.70   6.23   0.00060
  13.70  10.25   0.00046
  13.70  13.70   0.00000
  13.71  10.26   0.00094
  13.71  13.71   0.00000
  13.72  13.72   0.00000
  13.73  13.73   0.00000
  13.74   2.09   0.00034
  13.74  13.74   0.00000
  13.75   2.09   0.00071
  13.75   6.25   0.00000
  13.75  13.75   0.00000
  13.76  10.30   0.00042
  13.76  13.76   0.00000
  13.77  10.31   0.00047
  13.77  13.77   0.00000
  13.78  13.78   0.00000
  13.79  13.79   0.00000
  13.80   6.27   0.00091
  13.80  13.80   0.00000
  13.81  10.34   0.00024
  13.81  13.81   0.00000
  13.82  10.35   0.00097
  13.82  13.82   0.00000
  13.83   2.10   0.00050
  13.83   6.28   0.00062
  13.83  13.83   0.00000
  13.84   2.10   0.00044
  13.84  13.84   0.00000
  13.85  10.37   0.00003
  13.85  13.85   0.00000
  13.86   6.29   0.00078
  13.86  13.86   0.00000
  13.87  13.87   0.00000
  13.88  10.39   0.00054
  13.88  13.88   0.00000
  13.89  13.89   0.00000
  13.90  13.90   0.00000
  13.91  10.41   0.00057
  13.91  13.91   0.00000
  13.92  13.92   0.00000
  13.93   6.31   0.00016
  13.93  13.93   0.00000
  13.94   2.11   0.00073
  13.94  10.43   0.00012
  13.94  13.94   0.00000
  13.95   2.11   0.00008
  13.95  13.95   0.00000
  13.96   2.11   0.00089
  13.96  13.96   0.00000
  13.97   6.32   0.00043
  13.97  10.45   0.00080
  13.97  13.97   0.00000
  13.98  13.98   0.00000
  13.99  10.46   0.00010
  13.99  13.99   0.00000
  14.00  14.00   0.00000
  14.01   6.33   0.00037
  14.01  10.47   0.00083
  14.01  14.01   0.00000
  14.02  14.02   0.00000
  14.03  14.03   0.00000
  14.04  14.04   0.00000
  14.05   6.34   0.00033
  14.05  14.05   0.00000
  14.06  10.50   0.00088
  14.06  14.06   0.00000
  14.07  14.07   0.00000
  14.08  10.51   0.00079
  14.08  14.08   0.00000
  14.09   2.12   0.00036
  14.09  14.09   0.00000
  14.10   2.12   0.00032
  14.10   6.35   0.00021
  14.10  10.52   0.00089
  14.10  14.10   0.00000
  14.11   2.12   0.00098
  14.11  14.11   0.00000
  14.12  14.12   0.00000
  14.13  14.13   0.00000
  14.14  14.14   0.00000
  14.15   6.36   0.00011
  14.15  10.54   0.00093
  14.15  14.15   0.00000
  14.16  14.16   0.00000
  14.17  10.55   0.00024
  14.17  14.17   0.00000
  14.18  14.18   0.00000
  14.19  10.56   0.00061
  14.19  14.19   0.00000
  14.20  14.20   0.00000
  14.21   6.37   0.00035
  14.21  14.21   0.00000
  14.22  10.57   0.00066
  14.22  14.22   0.00000
  14.23  14.23   0.00000
  14.24  10.58   0.00060
  14.24  14.24   0.00000
  14.25  14.25   0.00000
  14.26  14.26   0.00000
  14.27   6.38   0.00028
  14.27  10.59   0.00010
  14.27  14.27   0.00000
  14.28   2.13   0.00095
  14.28  14.28   0.00000
  14.29   2.13   0.00044
  14.29  14.29   0.00000
  14.30   2.13   0.00007
  14.30  10.60   0.00048
  14.30  14.30   0.00000
  14.31   2.13   0.00057
  14.31  14.31   0.00000
  14.32  14.32   0.00000
  14.33  10.61   0.00053
  14.33  14.33   0.00000
  14.34   6.39   0.00067
  14.34  14.34   0.00000
  14.35   6.39   0.00063
  14.35  14.35   0.00000
  14.36  10.62   0.00026
  14.36  14.36   0.00000
  14.37  14.37   0.00000
  14.38  14.38   0.00000
  14.39  10.63   0.00033
  14.39  14.39   0.00000
  14.40  14.40   0.00000
  14.41  14.41   0.00000
  14.42  14.42   0.00000
  14.43   6.40   0.00011
  14.43  10.64   0.00040
  14.43  14.43   0.00000
  14.44  14.44   0.00000
  14.45  14.45   0.00000
  14.46  10.65   0.00091
  14.46  14.46   0.00000
  14.47  10.65   0.00060
  14.47  14.47   0.00000
  14.48  14.48   0.00000
  14.49  14.49   0.00000
  14.50  14.50   0.00000
  14.51  10.66   0.00029
  14.51  14.51   0.00000
  14.52  14.52   0.00000
  14.53   6.41   0.00062
  14.53  14.53   0.00000
  14.54   6.41   0.00028
  14.54  14.54   0.00000
  14.55  10.67   0.00054
  14.55  14.55   0.00000
  14.56  10.67   0.00071
  14.56  14.56   0.00000
  14.57  14.57   0.00000
  14.58  14.58   0.00000
  14.59  14.59   0.00000
  14.60  10.68   0.00075
  14.60  14.60   0.00000
  14.61  10.68   0.00036
  14.61  14.61   0.00000
  14.62   2.14   0.00094
  14.62  14.62   0.00000
  14.63   2.14   0.00068
  14.63  14.63   0.00000
  14.64   2.14   0.00043
  14.64  14.64   0.00000
  14.65   2.14   0.00018
  14.65  14.65   0.00000
  14.66   2.14   0.00006
  14.66  10.69   0.00076
  14.66  14.66   0.00000
  14.67   2.14   0.00029
  14.67   6.42   0.00076
  14.67  10.69   0.00018
  14.67  14.67   0.00000
  14.67  14.68   0.00098
  14.68   2.14   0.00051
  14.68   6.42   0.00014
  14.68  14.67   0.00098
  14.68  14.68   0.00000
  14.68  14.69   0.00095
  14.69   2.14   0.00073
  14.69   6.42   0.00047
  14.69  14.68   0.00095
  14.69  14.69   0.00000
  14.69  14.70   0.00092
  14.70   2.14   0.00094
  14.70  14.69   0.00092
  14.70  14.70   0.00000
  14.70  14.71   0.00089
  14.71  14.70   0.00089
  14.71  14.71   0.00000
  14.71  14.72   0.00086
  14.72  14.71   0.00086
  14.72  14.72   0.00000
  14.72  14.73   0.00083
  14.73  14.72   0.00083
  14.73  14.73   0.00000
  14.73  14.74   0.00080
  14.74  10.70   0.00033
  14.74  14.73   0.00080
  14.74  14.74   0.00000
  14.74  14.75   0.00077
  14.75  10.70   0.00038
  14.75  14.74   0.00077
  14.75  14.75   0.00000
  14.75  14.76   0.00074
  14.76  14.75   0.00074
  14.76  14.76   0.00000
  14.76  14.77   0.00071
  14.77  14.76   0.00071
  14.77  14.77   0.00000
  14.77  14.78   0.00068
  14.78  14.77   0.00068
  14.78  14.78   0.00000
  14.78  14.79   0.00065
  14.79  14.78   0.00065
  14.79  14.79   0.00000
  14.79  14.80   0.00062
  14.80  14.79   0.00062
  14.80  14.80   0.00000
  14.80  14.81   0.00059
  14.81  14.80   0.00059
  14.81  14.81   0.00000
  14.81  14.82   0.00056
  14.82  14.81   0.00056
  14.82  14.82   0.00000
  14.82  14.83   0.00053
  14.83  14.82   0.00053
  14.83  14.83   0.00000
  14.83  14.84   0.00050
  14.83  14.85   0.00098
  14.84  10.71   0.00082
  14.84  14.83   0.00050
  14.84  14.84   0.00000
  14.84  14.85   0.00047
  14.84  14.86   0.00092
  14.85  10.71   0.00039
  14.85  14.83   0.00098
  14.85  14.84   0.00047
  14.85  14.85   0.00000
  14.85  14.86   0.00044
  14.85  14.87   0.00086
  14.86  10.71   0.00001
  14.86  14.84   0.00092
  14.86  14.85   0.00044
  14.86  14.86   0.00000
  14.86  14.87   0.00041
  14.86  14.88   0.00080
  14.87  10.71   0.00039
  14.87  14.85   0.00086
  14.87  14.86   0.00041
  14.87  14.87   0.00000
  14.87  14.88   0.00038
  14.87  14.89   0.00074
  14.88  10.71   0.00073
  14.88  14.86   0.00080
  14.88  14.87   0.00038
  14.88  14.88   0.00000
  14.88  14.89   0.00035
  14.88  14.90   0.00067
  14.88  14.91   0.00097
  14.89  14.87   0.00074
  14.89  14.88   0.00035
  14.89  14.89   0.00000
  14.89  14.90   0.00032
  14.89  14.91   0.00061
  14.89  14.92   0.00087
  14.90  14.88   0.00067
  14.90  14.89   0.00032
  14.90  14.90   0.00000
  14.90  14.91   0.00029
  14.90  14.92   0.00055
  14.90  14.93   0.00078
  14.90  14.94   0.00098
  14.91  14.88   0.00097
  14.91  14.89   0.00061
  14.91  14.90   0.00029
  14.91  14.91   0.00000
  14.91  14.92   0.00026
  14.91  14.93   0.00049
  14.91  14.94   0.00069
  14.91  14.95   0.00086
  14.91  14.96   0.00100
  14.92  14.89   0.00087
  14.92  14.90   0.00055
  14.92  14.91   0.00026
  14.92  14.92   0.00000
  14.92  14.93   0.00023
  14.92  14.94   0.00043
  14.92  14.95   0.00060
  14.92  14.96   0.00074
  14.92  14.97   0.00084
  14.92  14.98   0.00092
  14.92  14.99   0.00097
  14.92  15.00   0.00098
  14.93  14.90   0.00078
  14.93  14.91   0.00049
  14.93  14.92   0.00023
  14.93  14.93   0.00000
  14.93  14.94   0.00020
  14.93  14.95   0.00037
  14.93  14.96   0.00051
  14.93  14.97   0.00061
  14.93  14.98   0.00069
  14.93  14.99   0.00074
  14.93  15.00   0.00075
  14.94  14.90   0.00098
  14.94  14.91   0.00069
  14.94  14.92   0.00043
  14.94  14.93   0.00020
  14.94  14.94   0.00000
  14.94  14.95   0.00017
  14.94  14.96   0.00031
  14.94  14.97   0.00041
  14.94  14.98   0.00049
  14.94  14.99   0.00054
  14.94  15.00   0.00055
  14.95  14.91   0.00086
  14.95  14.92   0.00060
  14.95  14.93   0.00037
  14.95  14.94   0.00017
  14.95  14.95   0.00000
  14.95  14.96   0.00014
  14.95  14.97   0.00025
  14.95  14.98   0.00032
  14.95  14.99   0.00037
  14.95  15.00   0.00038
  14.96  14.91   0.00100
  14.96  14.92   0.00074
  14.96  14.93   0.00051
  14.96  14.94   0.00031
  14.96  14.95   0.00014
  14.96  14.96   0.00000
  14.96  14.97   0.00011
  14.96  14.98   0.00018
  14.96  14.99   0.00023
  14.96  15.00   0.00025
  14.97  14.92   0.00084
  14.97  14.93   0.00061
  14.97  14.94   0.00041
  14.97  14.95   0.00025
  14.97  14.96   0.00011
  14.97  14.97   0.00000
  14.97  14.98   0.00008
  14.97  14.99   0.00012
  14.97  15.00   0.00014
  14.98  14.92   0.00092
  14.98  14.93   0.00069
  14.98  14.94   0.00049
  14.98  14.95   0.00032
  14.98  14.96   0.00018
  14.98  14.97   0.00008
  14.98  14.98   0.00000
  14.98  14.99   0.00005
  14.98  15.00   0.00006
  14.99  14.92   0.00097
  14.99  14.93   0.00074
  14.99  14.94   0.00054
  14.99  14.95   0.00037
  14.99  14.96   0.00023
  14.99  14.97   0.00012
  14.99  14.98   0.00005
  14.99  14.99   0.00000
  14.99  15.00   0.00002
  15.00  14.92   0.00098
  15.00  14.93   0.00075
  15.00  14.94   0.00055
  15.00  14.95   0.00038
  15.00  14.96   0.00025
  15.00  14.97   0.00014
  15.00  14.98   0.00006
  15.00  14.99   0.00002
  15.00  15.00   0.00000
